RA_{0} = 251.4
RAfinal = 254.6
DEC_{0} = -21.9
DECfinal = -24.8
    Date/Time    AZ (Deg)  EL (Deg)  RA(Deg)  DEC(deg)
-------------------------------------------------------------------------
2019-11-13T13:30:00.000 178.6750 027.6106 251.400 -21.900
2019-11-13T13:30:02.000 179.1987 027.7177 251.400 -21.800
2019-11-13T13:30:04.000 179.2064 027.8178 251.400 -21.700
2019-11-13T13:30:06.000 179.2141 027.9178 251.400 -21.600
2019-11-13T13:30:08.000 179.2219 028.0179 251.400 -21.500
2019-11-13T13:30:10.000 179.2297 028.1180 251.400 -21.400
2019-11-13T13:30:12.000 179.2375 028.2181 251.400 -21.300
2019-11-13T13:30:14.000 179.2453 028.3182 251.400 -21.200
2019-11-13T13:30:16.000 179.2531 028.4183 251.400 -21.100
2019-11-13T13:30:18.000 179.2610 028.5183 251.400 -21.000
2019-11-13T13:30:20.000 179.2689 028.6184 251.400 -20.900
2019-11-13T13:30:22.000 179.2769 028.7185 251.400 -20.800
2019-11-13T13:30:24.000 179.2848 028.8186 251.400 -20.700
2019-11-13T13:30:26.000 179.2928 028.9187 251.400 -20.600
2019-11-13T13:30:28.000 179.3008 029.0187 251.400 -20.500
2019-11-13T13:30:30.000 179.3089 029.1188 251.400 -20.400
2019-11-13T13:30:32.000 179.3170 029.2189 251.400 -20.300
2019-11-13T13:30:34.000 179.3251 029.3190 251.400 -20.200
2019-11-13T13:30:36.000 179.3332 029.4190 251.400 -20.100
2019-11-13T13:30:38.000 179.3413 029.5191 251.400 -20.000
2019-11-13T13:30:40.000 179.3495 029.6192 251.400 -19.900
2019-11-13T13:30:42.000 179.3577 029.7192 251.400 -19.800
2019-11-13T13:30:44.000 179.3660 029.8193 251.400 -19.700
2019-11-13T13:30:46.000 179.3742 029.9194 251.400 -19.600
2019-11-13T13:30:48.000 179.3825 030.0194 251.400 -19.500
2019-11-13T13:30:50.000 179.3908 030.1195 251.400 -19.400
2019-11-13T13:30:52.000 179.3992 030.2196 251.400 -19.300
2019-11-13T13:30:54.000 179.4076 030.3196 251.400 -19.200
2019-11-13T13:30:56.000 179.4160 030.4197 251.400 -19.100
2019-11-13T13:30:58.000 179.4244 030.5198 251.400 -19.000
2019-11-13T13:31:00.000 179.3238 030.5192 251.500 -19.000
2019-11-13T13:31:02.000 179.3339 030.4193 251.500 -19.100
2019-11-13T13:31:04.000 179.3439 030.3193 251.500 -19.200
2019-11-13T13:31:05.440 179.3538 030.2194 251.500 -19.300
2019-11-13T13:31:07.440 179.3612 030.1195 251.500 -19.400
2019-11-13T13:31:09.440 179.3711 030.0195 251.500 -19.500
2019-11-13T13:31:11.440 179.3810 029.9196 251.500 -19.600
2019-11-13T13:31:13.440 179.3909 029.8197 251.500 -19.700
2019-11-13T13:31:15.440 179.4007 029.7197 251.500 -19.800
2019-11-13T13:31:17.440 179.4105 029.6198 251.500 -19.900
2019-11-13T13:31:19.440 179.4203 029.5199 251.500 -20.000
2019-11-13T13:31:21.440 179.4300 029.4199 251.500 -20.100
2019-11-13T13:31:23.440 179.4397 029.3200 251.500 -20.200
2019-11-13T13:31:25.440 179.4494 029.2201 251.500 -20.300
2019-11-13T13:31:27.440 179.4590 029.1201 251.500 -20.400
2019-11-13T13:31:29.440 179.4686 029.0202 251.500 -20.500
2019-11-13T13:31:31.440 179.4782 028.9202 251.500 -20.600
2019-11-13T13:31:33.440 179.4877 028.8203 251.500 -20.700
2019-11-13T13:31:35.440 179.4973 028.7204 251.500 -20.800
2019-11-13T13:31:37.440 179.5068 028.6204 251.500 -20.900
2019-11-13T13:31:39.440 179.5162 028.5205 251.500 -21.000
2019-11-13T13:31:41.440 179.5256 028.4205 251.500 -21.100
2019-11-13T13:31:43.440 179.5350 028.3206 251.500 -21.200
2019-11-13T13:31:45.440 179.5444 028.2206 251.500 -21.300
2019-11-13T13:31:47.440 179.5538 028.1207 251.500 -21.400
2019-11-13T13:31:49.440 179.5631 028.0207 251.500 -21.500
2019-11-13T13:31:51.440 179.5723 027.9208 251.500 -21.600
2019-11-13T13:31:53.440 179.5816 027.8208 251.500 -21.700
2019-11-13T13:31:55.440 179.5908 027.7209 251.500 -21.800
2019-11-13T13:31:57.440 179.6000 027.6209 251.500 -21.900
2019-11-13T13:31:59.440 179.5040 027.6205 251.600 -21.900
2019-11-13T13:32:01.440 179.5122 027.7206 251.600 -21.800
2019-11-13T13:32:03.440 179.5204 027.8206 251.600 -21.700
2019-11-13T13:32:05.440 179.5287 027.9207 251.600 -21.600
2019-11-13T13:32:07.440 179.5369 028.0207 251.600 -21.500
2019-11-13T13:32:09.440 179.5452 028.1208 251.600 -21.400
2019-11-13T13:32:10.879 179.5535 028.2208 251.600 -21.300
2019-11-13T13:32:12.879 179.5594 028.3209 251.600 -21.200
2019-11-13T13:32:14.879 179.5677 028.4209 251.600 -21.100
2019-11-13T13:32:16.879 179.5761 028.5210 251.600 -21.000
2019-11-13T13:32:18.879 179.5845 028.6210 251.600 -20.900
2019-11-13T13:32:20.879 179.5930 028.7211 251.600 -20.800
2019-11-13T13:32:22.879 179.6015 028.8211 251.600 -20.700
2019-11-13T13:32:24.879 179.6100 028.9212 251.600 -20.600
2019-11-13T13:32:26.879 179.6185 029.0212 251.600 -20.500
2019-11-13T13:32:28.879 179.6271 029.1213 251.600 -20.400
2019-11-13T13:32:30.879 179.6357 029.2213 251.600 -20.300
2019-11-13T13:32:32.879 179.6443 029.3213 251.600 -20.200
2019-11-13T13:32:34.879 179.6529 029.4214 251.600 -20.100
2019-11-13T13:32:36.879 179.6616 029.5214 251.600 -20.000
2019-11-13T13:32:38.879 179.6703 029.6215 251.600 -19.900
2019-11-13T13:32:40.879 179.6790 029.7215 251.600 -19.800
2019-11-13T13:32:42.879 179.6878 029.8215 251.600 -19.700
2019-11-13T13:32:44.879 179.6966 029.9216 251.600 -19.600
2019-11-13T13:32:46.879 179.7054 030.0216 251.600 -19.500
2019-11-13T13:32:48.879 179.7142 030.1216 251.600 -19.400
2019-11-13T13:32:50.879 179.7231 030.2217 251.600 -19.300
2019-11-13T13:32:52.879 179.7320 030.3217 251.600 -19.200
2019-11-13T13:32:54.879 179.7410 030.4217 251.600 -19.100
2019-11-13T13:32:56.879 179.7499 030.5218 251.600 -19.000
2019-11-13T13:32:58.879 179.6493 030.5216 251.700 -19.000
2019-11-13T13:33:00.879 179.6588 030.4216 251.700 -19.100
2019-11-13T13:33:02.879 179.6683 030.3216 251.700 -19.200
2019-11-13T13:33:04.879 179.6778 030.2217 251.700 -19.300
2019-11-13T13:33:06.879 179.6872 030.1217 251.700 -19.400
2019-11-13T13:33:08.879 179.6966 030.0217 251.700 -19.500
2019-11-13T13:33:10.879 179.7059 029.9218 251.700 -19.600
2019-11-13T13:33:12.879 179.7153 029.8218 251.700 -19.700
2019-11-13T13:33:14.879 179.7245 029.7218 251.700 -19.800
2019-11-13T13:33:16.319 179.7338 029.6219 251.700 -19.900
2019-11-13T13:33:18.319 179.7405 029.5219 251.700 -20.000
2019-11-13T13:33:20.319 179.7497 029.4219 251.700 -20.100
2019-11-13T13:33:22.319 179.7589 029.3219 251.700 -20.200
2019-11-13T13:33:24.319 179.7681 029.2220 251.700 -20.300
2019-11-13T13:33:26.319 179.7772 029.1220 251.700 -20.400
2019-11-13T13:33:28.319 179.7863 029.0220 251.700 -20.500
2019-11-13T13:33:30.319 179.7954 028.9220 251.700 -20.600
2019-11-13T13:33:32.319 179.8044 028.8220 251.700 -20.700
2019-11-13T13:33:34.319 179.8134 028.7221 251.700 -20.800
2019-11-13T13:33:36.319 179.8224 028.6221 251.700 -20.900
2019-11-13T13:33:38.319 179.8313 028.5221 251.700 -21.000
2019-11-13T13:33:40.319 179.8402 028.4221 251.700 -21.100
2019-11-13T13:33:42.319 179.8491 028.3221 251.700 -21.200
2019-11-13T13:33:44.319 179.8580 028.2222 251.700 -21.300
2019-11-13T13:33:46.319 179.8668 028.1222 251.700 -21.400
2019-11-13T13:33:48.319 179.8756 028.0222 251.700 -21.500
2019-11-13T13:33:50.319 179.8844 027.9222 251.700 -21.600
2019-11-13T13:33:52.319 179.8932 027.8222 251.700 -21.700
2019-11-13T13:33:54.319 179.9019 027.7222 251.700 -21.800
2019-11-13T13:33:56.319 179.9106 027.6222 251.700 -21.900
2019-11-13T13:33:58.319 179.8146 027.6222 251.800 -21.900
2019-11-13T13:34:00.319 179.8233 027.7223 251.800 -21.800
2019-11-13T13:34:02.319 179.8320 027.8223 251.800 -21.700
2019-11-13T13:34:04.319 179.8407 027.9223 251.800 -21.600
2019-11-13T13:34:06.319 179.8495 028.0223 251.800 -21.500
2019-11-13T13:34:08.319 179.8583 028.1223 251.800 -21.400
2019-11-13T13:34:10.319 179.8671 028.2223 251.800 -21.300
2019-11-13T13:34:12.319 179.8759 028.3224 251.800 -21.200
2019-11-13T13:34:14.319 179.8848 028.4224 251.800 -21.100
2019-11-13T13:34:16.319 179.8937 028.5224 251.800 -21.000
2019-11-13T13:34:18.319 179.9027 028.6224 251.800 -20.900
2019-11-13T13:34:20.319 179.9116 028.7224 251.800 -20.800
2019-11-13T13:34:21.758 179.9206 028.8224 251.800 -20.700
2019-11-13T13:34:23.758 179.9271 028.9224 251.800 -20.600
2019-11-13T13:34:25.758 179.9362 029.0224 251.800 -20.500
2019-11-13T13:34:27.758 179.9453 029.1224 251.800 -20.400
2019-11-13T13:34:29.758 179.9544 029.2225 251.800 -20.300
2019-11-13T13:34:31.758 179.9635 029.3225 251.800 -20.200
2019-11-13T13:34:33.758 179.9727 029.4225 251.800 -20.100
2019-11-13T13:34:35.758 179.9819 029.5225 251.800 -20.000
2019-11-13T13:34:37.758 179.9911 029.6225 251.800 -19.900
2019-11-13T13:34:39.758 180.0003 029.7225 251.800 -19.800
2019-11-13T13:34:41.758 180.0096 029.8225 251.800 -19.700
2019-11-13T13:34:43.758 180.0189 029.9225 251.800 -19.600
2019-11-13T13:34:45.758 180.0283 030.0225 251.800 -19.500
2019-11-13T13:34:47.758 180.0377 030.1225 251.800 -19.400
2019-11-13T13:34:49.758 180.0471 030.2225 251.800 -19.300
2019-11-13T13:34:51.758 180.0565 030.3225 251.800 -19.200
2019-11-13T13:34:53.758 180.0660 030.4225 251.800 -19.100
2019-11-13T13:34:55.758 180.0755 030.5225 251.800 -19.000
2019-11-13T13:34:57.758 179.9749 030.5227 251.900 -19.000
2019-11-13T13:34:59.758 179.9838 030.4227 251.900 -19.100
2019-11-13T13:35:01.758 179.9928 030.3227 251.900 -19.200
2019-11-13T13:35:03.758 180.0017 030.2227 251.900 -19.300
2019-11-13T13:35:05.758 180.0106 030.1227 251.900 -19.400
2019-11-13T13:35:07.758 180.0195 030.0227 251.900 -19.500
2019-11-13T13:35:09.758 180.0283 029.9226 251.900 -19.600
2019-11-13T13:35:11.758 180.0371 029.8226 251.900 -19.700
2019-11-13T13:35:13.758 180.0459 029.7226 251.900 -19.800
2019-11-13T13:35:15.758 180.0546 029.6226 251.900 -19.900
2019-11-13T13:35:17.758 180.0633 029.5226 251.900 -20.000
2019-11-13T13:35:19.758 180.0720 029.4226 251.900 -20.100
2019-11-13T13:35:21.758 180.0807 029.3226 251.900 -20.200
2019-11-13T13:35:23.758 180.0893 029.2226 251.900 -20.300
2019-11-13T13:35:25.758 180.0979 029.1226 251.900 -20.400
2019-11-13T13:35:27.198 180.1065 029.0226 251.900 -20.500
2019-11-13T13:35:29.198 180.1125 028.9226 251.900 -20.600
2019-11-13T13:35:31.198 180.1210 028.8225 251.900 -20.700
2019-11-13T13:35:33.198 180.1295 028.7225 251.900 -20.800
2019-11-13T13:35:35.198 180.1380 028.6225 251.900 -20.900
2019-11-13T13:35:37.198 180.1464 028.5225 251.900 -21.000
2019-11-13T13:35:39.198 180.1548 028.4225 251.900 -21.100
2019-11-13T13:35:41.198 180.1632 028.3225 251.900 -21.200
2019-11-13T13:35:43.198 180.1716 028.2224 251.900 -21.300
2019-11-13T13:35:45.198 180.1799 028.1224 251.900 -21.400
2019-11-13T13:35:47.198 180.1882 028.0224 251.900 -21.500
2019-11-13T13:35:49.198 180.1965 027.9224 251.900 -21.600
2019-11-13T13:35:51.198 180.2047 027.8224 251.900 -21.700
2019-11-13T13:35:53.198 180.2129 027.7223 251.900 -21.800
2019-11-13T13:35:55.198 180.2211 027.6223 251.900 -21.900
2019-11-13T13:35:57.198 180.1252 027.6227 252.000 -21.900
2019-11-13T13:35:59.198 180.1343 027.7227 252.000 -21.800
2019-11-13T13:36:01.198 180.1435 027.8227 252.000 -21.700
2019-11-13T13:36:03.198 180.1528 027.9227 252.000 -21.600
2019-11-13T13:36:05.198 180.1621 028.0226 252.000 -21.500
2019-11-13T13:36:07.198 180.1714 028.1226 252.000 -21.400
2019-11-13T13:36:09.198 180.1807 028.2226 252.000 -21.300
2019-11-13T13:36:11.198 180.1900 028.3226 252.000 -21.200
2019-11-13T13:36:13.198 180.1994 028.4226 252.000 -21.100
2019-11-13T13:36:15.198 180.2088 028.5225 252.000 -21.000
2019-11-13T13:36:17.198 180.2183 028.6225 252.000 -20.900
2019-11-13T13:36:19.198 180.2278 028.7225 252.000 -20.800
2019-11-13T13:36:21.198 180.2373 028.8225 252.000 -20.700
2019-11-13T13:36:23.198 180.2468 028.9224 252.000 -20.600
2019-11-13T13:36:25.198 180.2564 029.0224 252.000 -20.500
2019-11-13T13:36:27.198 180.2660 029.1224 252.000 -20.400
2019-11-13T13:36:29.198 180.2756 029.2224 252.000 -20.300
2019-11-13T13:36:31.198 180.2853 029.3223 252.000 -20.200
2019-11-13T13:36:32.637 180.2949 029.4223 252.000 -20.100
2019-11-13T13:36:34.637 180.3021 029.5223 252.000 -20.000
2019-11-13T13:36:36.637 180.3119 029.6222 252.000 -19.900
2019-11-13T13:36:38.637 180.3217 029.7222 252.000 -19.800
2019-11-13T13:36:40.637 180.3315 029.8222 252.000 -19.700
2019-11-13T13:36:42.637 180.3413 029.9221 252.000 -19.600
2019-11-13T13:36:44.637 180.3512 030.0221 252.000 -19.500
2019-11-13T13:36:46.637 180.3611 030.1220 252.000 -19.400
2019-11-13T13:36:48.637 180.3710 030.2220 252.000 -19.300
2019-11-13T13:36:50.637 180.3810 030.3220 252.000 -19.200
2019-11-13T13:36:52.637 180.3910 030.4219 252.000 -19.100
2019-11-13T13:36:54.637 180.4010 030.5219 252.000 -19.000
2019-11-13T13:36:56.637 180.3004 030.5225 252.100 -19.000
2019-11-13T13:36:58.637 180.3088 030.4224 252.100 -19.100
2019-11-13T13:37:00.637 180.3173 030.3224 252.100 -19.200
2019-11-13T13:37:02.637 180.3256 030.2224 252.100 -19.300
2019-11-13T13:37:04.637 180.3340 030.1223 252.100 -19.400
2019-11-13T13:37:06.637 180.3423 030.0223 252.100 -19.500
2019-11-13T13:37:08.637 180.3506 029.9223 252.100 -19.600
2019-11-13T13:37:10.637 180.3589 029.8222 252.100 -19.700
2019-11-13T13:37:12.637 180.3672 029.7222 252.100 -19.800
2019-11-13T13:37:14.637 180.3754 029.6221 252.100 -19.900
2019-11-13T13:37:16.637 180.3836 029.5221 252.100 -20.000
2019-11-13T13:37:18.637 180.3918 029.4221 252.100 -20.100
2019-11-13T13:37:20.637 180.3999 029.3220 252.100 -20.200
2019-11-13T13:37:22.637 180.4080 029.2220 252.100 -20.300
2019-11-13T13:37:24.637 180.4161 029.1219 252.100 -20.400
2019-11-13T13:37:26.637 180.4242 029.0219 252.100 -20.500
2019-11-13T13:37:28.637 180.4322 028.9218 252.100 -20.600
2019-11-13T13:37:30.637 180.4402 028.8218 252.100 -20.700
2019-11-13T13:37:32.637 180.4482 028.7217 252.100 -20.800
2019-11-13T13:37:34.637 180.4561 028.6217 252.100 -20.900
2019-11-13T13:37:36.637 180.4640 028.5216 252.100 -21.000
2019-11-13T13:37:38.077 180.4719 028.4216 252.100 -21.100
2019-11-13T13:37:40.077 180.4773 028.3216 252.100 -21.200
2019-11-13T13:37:42.077 180.4852 028.2215 252.100 -21.300
2019-11-13T13:37:44.077 180.4930 028.1215 252.100 -21.400
2019-11-13T13:37:46.077 180.5008 028.0214 252.100 -21.500
2019-11-13T13:37:48.077 180.5085 027.9213 252.100 -21.600
2019-11-13T13:37:50.077 180.5163 027.8213 252.100 -21.700
2019-11-13T13:37:52.077 180.5240 027.7212 252.100 -21.800
2019-11-13T13:37:54.077 180.5317 027.6212 252.100 -21.900
2019-11-13T13:37:56.077 180.4357 027.6220 252.200 -21.900
2019-11-13T13:37:58.077 180.4454 027.7219 252.200 -21.800
2019-11-13T13:38:00.077 180.4551 027.8218 252.200 -21.700
2019-11-13T13:38:02.077 180.4649 027.9218 252.200 -21.600
2019-11-13T13:38:04.077 180.4746 028.0217 252.200 -21.500
2019-11-13T13:38:06.077 180.4844 028.1217 252.200 -21.400
2019-11-13T13:38:08.077 180.4943 028.2216 252.200 -21.300
2019-11-13T13:38:10.077 180.5041 028.3216 252.200 -21.200
2019-11-13T13:38:12.077 180.5140 028.4215 252.200 -21.100
2019-11-13T13:38:14.077 180.5240 028.5215 252.200 -21.000
2019-11-13T13:38:16.077 180.5339 028.6214 252.200 -20.900
2019-11-13T13:38:18.077 180.5439 028.7213 252.200 -20.800
2019-11-13T13:38:20.077 180.5539 028.8213 252.200 -20.700
2019-11-13T13:38:22.077 180.5640 028.9212 252.200 -20.600
2019-11-13T13:38:24.077 180.5740 029.0211 252.200 -20.500
2019-11-13T13:38:26.077 180.5842 029.1211 252.200 -20.400
2019-11-13T13:38:28.077 180.5943 029.2210 252.200 -20.300
2019-11-13T13:38:30.077 180.6045 029.3209 252.200 -20.200
2019-11-13T13:38:32.077 180.6147 029.4209 252.200 -20.100
2019-11-13T13:38:34.077 180.6249 029.5208 252.200 -20.000
2019-11-13T13:38:36.077 180.6352 029.6207 252.200 -19.900
2019-11-13T13:38:38.077 180.6455 029.7206 252.200 -19.800
2019-11-13T13:38:40.077 180.6558 029.8206 252.200 -19.700
2019-11-13T13:38:42.077 180.6662 029.9205 252.200 -19.600
2019-11-13T13:38:43.516 180.6766 030.0204 252.200 -19.500
2019-11-13T13:38:45.516 180.6845 030.1203 252.200 -19.400
2019-11-13T13:38:47.516 180.6949 030.2203 252.200 -19.300
2019-11-13T13:38:49.516 180.7054 030.3202 252.200 -19.200
2019-11-13T13:38:51.516 180.7159 030.4201 252.200 -19.100
2019-11-13T13:38:53.516 180.7265 030.5200 252.200 -19.000
2019-11-13T13:38:55.516 180.6259 030.5210 252.300 -19.000
2019-11-13T13:38:57.516 180.6338 030.4209 252.300 -19.100
2019-11-13T13:38:59.516 180.6417 030.3209 252.300 -19.200
2019-11-13T13:39:01.516 180.6496 030.2208 252.300 -19.300
2019-11-13T13:39:03.516 180.6574 030.1207 252.300 -19.400
2019-11-13T13:39:05.516 180.6652 030.0207 252.300 -19.500
2019-11-13T13:39:07.516 180.6730 029.9206 252.300 -19.600
2019-11-13T13:39:09.516 180.6808 029.8205 252.300 -19.700
2019-11-13T13:39:11.516 180.6885 029.7205 252.300 -19.800
2019-11-13T13:39:13.516 180.6962 029.6204 252.300 -19.900
2019-11-13T13:39:15.516 180.7039 029.5203 252.300 -20.000
2019-11-13T13:39:17.516 180.7115 029.4202 252.300 -20.100
2019-11-13T13:39:19.516 180.7191 029.3202 252.300 -20.200
2019-11-13T13:39:21.516 180.7267 029.2201 252.300 -20.300
2019-11-13T13:39:23.516 180.7343 029.1200 252.300 -20.400
2019-11-13T13:39:25.516 180.7418 029.0199 252.300 -20.500
2019-11-13T13:39:27.516 180.7493 028.9199 252.300 -20.600
2019-11-13T13:39:29.516 180.7568 028.8198 252.300 -20.700
2019-11-13T13:39:31.516 180.7643 028.7197 252.300 -20.800
2019-11-13T13:39:33.516 180.7717 028.6196 252.300 -20.900
2019-11-13T13:39:35.516 180.7791 028.5195 252.300 -21.000
2019-11-13T13:39:37.516 180.7865 028.4195 252.300 -21.100
2019-11-13T13:39:39.516 180.7939 028.3194 252.300 -21.200
2019-11-13T13:39:41.516 180.8012 028.2193 252.300 -21.300
2019-11-13T13:39:43.516 180.8085 028.1192 252.300 -21.400
2019-11-13T13:39:45.516 180.8158 028.0191 252.300 -21.500
2019-11-13T13:39:47.516 180.8231 027.9191 252.300 -21.600
2019-11-13T13:39:48.956 180.8303 027.8190 252.300 -21.700
2019-11-13T13:39:50.956 180.8350 027.7189 252.300 -21.800
2019-11-13T13:39:52.956 180.8422 027.6188 252.300 -21.900
2019-11-13T13:39:54.956 180.7463 027.6200 252.400 -21.900
2019-11-13T13:39:56.956 180.7564 027.7199 252.400 -21.800
2019-11-13T13:39:58.956 180.7667 027.8198 252.400 -21.700
2019-11-13T13:40:00.956 180.7769 027.9197 252.400 -21.600
2019-11-13T13:40:02.956 180.7872 028.0196 252.400 -21.500
2019-11-13T13:40:04.956 180.7975 028.1195 252.400 -21.400
2019-11-13T13:40:06.956 180.8078 028.2194 252.400 -21.300
2019-11-13T13:40:08.956 180.8182 028.3193 252.400 -21.200
2019-11-13T13:40:10.956 180.8286 028.4192 252.400 -21.100
2019-11-13T13:40:12.956 180.8391 028.5191 252.400 -21.000
2019-11-13T13:40:14.956 180.8495 028.6190 252.400 -20.900
2019-11-13T13:40:16.956 180.8600 028.7189 252.400 -20.800
2019-11-13T13:40:18.956 180.8706 028.8188 252.400 -20.700
2019-11-13T13:40:20.956 180.8811 028.9187 252.400 -20.600
2019-11-13T13:40:22.956 180.8917 029.0186 252.400 -20.500
2019-11-13T13:40:24.956 180.9023 029.1185 252.400 -20.400
2019-11-13T13:40:26.956 180.9130 029.2184 252.400 -20.300
2019-11-13T13:40:28.956 180.9237 029.3183 252.400 -20.200
2019-11-13T13:40:30.956 180.9344 029.4182 252.400 -20.100
2019-11-13T13:40:32.956 180.9452 029.5180 252.400 -20.000
2019-11-13T13:40:34.956 180.9560 029.6179 252.400 -19.900
2019-11-13T13:40:36.956 180.9668 029.7178 252.400 -19.800
2019-11-13T13:40:38.956 180.9776 029.8177 252.400 -19.700
2019-11-13T13:40:40.956 180.9885 029.9176 252.400 -19.600
2019-11-13T13:40:42.956 180.9995 030.0174 252.400 -19.500
2019-11-13T13:40:44.956 181.0104 030.1173 252.400 -19.400
2019-11-13T13:40:46.956 181.0214 030.2172 252.400 -19.300
2019-11-13T13:40:48.956 181.0324 030.3171 252.400 -19.200
2019-11-13T13:40:50.956 181.0435 030.4169 252.400 -19.100
2019-11-13T13:40:52.956 181.0546 030.5168 252.400 -19.000
2019-11-13T13:40:54.395 180.9540 030.5182 252.500 -19.000
2019-11-13T13:40:56.395 180.9588 030.4182 252.500 -19.100
2019-11-13T13:40:58.395 180.9662 030.3181 252.500 -19.200
2019-11-13T13:41:00.395 180.9735 030.2180 252.500 -19.300
2019-11-13T13:41:02.395 180.9808 030.1179 252.500 -19.400
2019-11-13T13:41:04.395 180.9881 030.0178 252.500 -19.500
2019-11-13T13:41:06.395 180.9953 029.9177 252.500 -19.600
2019-11-13T13:41:08.395 181.0026 029.8176 252.500 -19.700
2019-11-13T13:41:10.395 181.0098 029.7175 252.500 -19.800
2019-11-13T13:41:12.395 181.0170 029.6174 252.500 -19.900
2019-11-13T13:41:14.395 181.0241 029.5173 252.500 -20.000
2019-11-13T13:41:16.395 181.0312 029.4172 252.500 -20.100
2019-11-13T13:41:18.395 181.0383 029.3171 252.500 -20.200
2019-11-13T13:41:20.395 181.0454 029.2170 252.500 -20.300
2019-11-13T13:41:22.395 181.0525 029.1168 252.500 -20.400
2019-11-13T13:41:24.395 181.0595 029.0167 252.500 -20.500
2019-11-13T13:41:26.395 181.0665 028.9166 252.500 -20.600
2019-11-13T13:41:28.395 181.0735 028.8165 252.500 -20.700
2019-11-13T13:41:30.395 181.0804 028.7164 252.500 -20.800
2019-11-13T13:41:32.395 181.0873 028.6163 252.500 -20.900
2019-11-13T13:41:34.395 181.0942 028.5162 252.500 -21.000
2019-11-13T13:41:36.395 181.1011 028.4161 252.500 -21.100
2019-11-13T13:41:38.395 181.1080 028.3160 252.500 -21.200
2019-11-13T13:41:40.395 181.1148 028.2159 252.500 -21.300
2019-11-13T13:41:42.395 181.1216 028.1158 252.500 -21.400
2019-11-13T13:41:44.395 181.1283 028.0157 252.500 -21.500
2019-11-13T13:41:46.395 181.1351 027.9156 252.500 -21.600
2019-11-13T13:41:48.395 181.1418 027.8154 252.500 -21.700
2019-11-13T13:41:50.395 181.1485 027.7153 252.500 -21.800
2019-11-13T13:41:52.395 181.1552 027.6152 252.500 -21.900
2019-11-13T13:41:54.395 181.0592 027.6167 252.600 -21.900
2019-11-13T13:41:56.395 181.0699 027.7166 252.600 -21.800
2019-11-13T13:41:58.395 181.0807 027.8165 252.600 -21.700
2019-11-13T13:41:59.835 181.0914 027.9163 252.600 -21.600
2019-11-13T13:42:01.835 181.0997 028.0162 252.600 -21.500
2019-11-13T13:42:03.835 181.1106 028.1161 252.600 -21.400
2019-11-13T13:42:05.835 181.1214 028.2160 252.600 -21.300
2019-11-13T13:42:07.835 181.1323 028.3158 252.600 -21.200
2019-11-13T13:42:09.835 181.1432 028.4157 252.600 -21.100
2019-11-13T13:42:11.835 181.1541 028.5155 252.600 -21.000
2019-11-13T13:42:13.835 181.1651 028.6154 252.600 -20.900
2019-11-13T13:42:15.835 181.1761 028.7153 252.600 -20.800
2019-11-13T13:42:17.835 181.1872 028.8151 252.600 -20.700
2019-11-13T13:42:19.835 181.1982 028.9150 252.600 -20.600
2019-11-13T13:42:21.835 181.2094 029.0148 252.600 -20.500
2019-11-13T13:42:23.835 181.2205 029.1147 252.600 -20.400
2019-11-13T13:42:25.835 181.2317 029.2145 252.600 -20.300
2019-11-13T13:42:27.835 181.2429 029.3144 252.600 -20.200
2019-11-13T13:42:29.835 181.2541 029.4142 252.600 -20.100
2019-11-13T13:42:31.835 181.2654 029.5140 252.600 -20.000
2019-11-13T13:42:33.835 181.2767 029.6139 252.600 -19.900
2019-11-13T13:42:35.835 181.2881 029.7137 252.600 -19.800
2019-11-13T13:42:37.835 181.2994 029.8136 252.600 -19.700
2019-11-13T13:42:39.835 181.3108 029.9134 252.600 -19.600
2019-11-13T13:42:41.835 181.3223 030.0132 252.600 -19.500
2019-11-13T13:42:43.835 181.3338 030.1131 252.600 -19.400
2019-11-13T13:42:45.835 181.3453 030.2129 252.600 -19.300
2019-11-13T13:42:47.835 181.3568 030.3127 252.600 -19.200
2019-11-13T13:42:49.835 181.3684 030.4126 252.600 -19.100
2019-11-13T13:42:51.835 181.3800 030.5124 252.600 -19.000
2019-11-13T13:42:53.835 181.2795 030.5142 252.700 -19.000
2019-11-13T13:42:55.835 181.2863 030.4141 252.700 -19.100
2019-11-13T13:42:57.835 181.2931 030.3139 252.700 -19.200
2019-11-13T13:42:59.835 181.2999 030.2138 252.700 -19.300
2019-11-13T13:43:01.835 181.3067 030.1137 252.700 -19.400
2019-11-13T13:43:03.835 181.3135 030.0135 252.700 -19.500
2019-11-13T13:43:05.274 181.3202 029.9134 252.700 -19.600
2019-11-13T13:43:07.274 181.3244 029.8133 252.700 -19.700
2019-11-13T13:43:09.274 181.3310 029.7132 252.700 -19.800
2019-11-13T13:43:11.274 181.3377 029.6131 252.700 -19.900
2019-11-13T13:43:13.274 181.3443 029.5130 252.700 -20.000
2019-11-13T13:43:15.274 181.3509 029.4128 252.700 -20.100
2019-11-13T13:43:17.274 181.3575 029.3127 252.700 -20.200
2019-11-13T13:43:19.274 181.3641 029.2126 252.700 -20.300
2019-11-13T13:43:21.274 181.3706 029.1124 252.700 -20.400
2019-11-13T13:43:23.274 181.3771 029.0123 252.700 -20.500
2019-11-13T13:43:25.274 181.3836 028.9122 252.700 -20.600
2019-11-13T13:43:27.274 181.3900 028.8120 252.700 -20.700
2019-11-13T13:43:29.274 181.3965 028.7119 252.700 -20.800
2019-11-13T13:43:31.274 181.4029 028.6118 252.700 -20.900
2019-11-13T13:43:33.274 181.4093 028.5116 252.700 -21.000
2019-11-13T13:43:35.274 181.4156 028.4115 252.700 -21.100
2019-11-13T13:43:37.274 181.4220 028.3114 252.700 -21.200
2019-11-13T13:43:39.274 181.4283 028.2112 252.700 -21.300
2019-11-13T13:43:41.274 181.4346 028.1111 252.700 -21.400
2019-11-13T13:43:43.274 181.4409 028.0110 252.700 -21.500
2019-11-13T13:43:45.274 181.4471 027.9108 252.700 -21.600
2019-11-13T13:43:47.274 181.4533 027.8107 252.700 -21.700
2019-11-13T13:43:49.274 181.4595 027.7106 252.700 -21.800
2019-11-13T13:43:51.274 181.4657 027.6104 252.700 -21.900
2019-11-13T13:43:53.274 181.3697 027.6123 252.800 -21.900
2019-11-13T13:43:55.274 181.3809 027.7121 252.800 -21.800
2019-11-13T13:43:57.274 181.3922 027.8120 252.800 -21.700
2019-11-13T13:43:59.274 181.4034 027.9118 252.800 -21.600
2019-11-13T13:44:01.274 181.4147 028.0116 252.800 -21.500
2019-11-13T13:44:03.274 181.4260 028.1114 252.800 -21.400
2019-11-13T13:44:05.274 181.4374 028.2112 252.800 -21.300
2019-11-13T13:44:07.274 181.4488 028.3111 252.800 -21.200
2019-11-13T13:44:09.274 181.4602 028.4109 252.800 -21.100
2019-11-13T13:44:10.714 181.4717 028.5107 252.800 -21.000
2019-11-13T13:44:12.714 181.4807 028.6105 252.800 -20.900
2019-11-13T13:44:14.714 181.4922 028.7104 252.800 -20.800
2019-11-13T13:44:16.714 181.5037 028.8102 252.800 -20.700
2019-11-13T13:44:18.714 181.5153 028.9100 252.800 -20.600
2019-11-13T13:44:20.714 181.5270 029.0098 252.800 -20.500
2019-11-13T13:44:22.714 181.5386 029.1096 252.800 -20.400
2019-11-13T13:44:24.714 181.5503 029.2094 252.800 -20.300
2019-11-13T13:44:26.714 181.5620 029.3092 252.800 -20.200
2019-11-13T13:44:28.714 181.5738 029.4090 252.800 -20.100
2019-11-13T13:44:30.714 181.5856 029.5088 252.800 -20.000
2019-11-13T13:44:32.714 181.5974 029.6086 252.800 -19.900
2019-11-13T13:44:34.714 181.6093 029.7084 252.800 -19.800
2019-11-13T13:44:36.714 181.6212 029.8082 252.800 -19.700
2019-11-13T13:44:38.714 181.6331 029.9080 252.800 -19.600
2019-11-13T13:44:40.714 181.6451 030.0077 252.800 -19.500
2019-11-13T13:44:42.714 181.6571 030.1075 252.800 -19.400
2019-11-13T13:44:44.714 181.6691 030.2073 252.800 -19.300
2019-11-13T13:44:46.714 181.6812 030.3071 252.800 -19.200
2019-11-13T13:44:48.714 181.6933 030.4069 252.800 -19.100
2019-11-13T13:44:50.714 181.7055 030.5067 252.800 -19.000
2019-11-13T13:44:52.714 181.6049 030.5089 252.900 -19.000
2019-11-13T13:44:54.714 181.6112 030.4087 252.900 -19.100
2019-11-13T13:44:56.714 181.6175 030.3086 252.900 -19.200
2019-11-13T13:44:58.714 181.6238 030.2084 252.900 -19.300
2019-11-13T13:45:00.714 181.6300 030.1082 252.900 -19.400
2019-11-13T13:45:02.714 181.6363 030.0081 252.900 -19.500
2019-11-13T13:45:04.714 181.6425 029.9079 252.900 -19.600
2019-11-13T13:45:06.714 181.6486 029.8078 252.900 -19.700
2019-11-13T13:45:08.714 181.6548 029.7076 252.900 -19.800
2019-11-13T13:45:10.714 181.6609 029.6075 252.900 -19.900
2019-11-13T13:45:12.714 181.6670 029.5073 252.900 -20.000
2019-11-13T13:45:14.714 181.6731 029.4072 252.900 -20.100
2019-11-13T13:45:16.153 181.6792 029.3070 252.900 -20.200
2019-11-13T13:45:18.153 181.6827 029.2069 252.900 -20.300
2019-11-13T13:45:20.153 181.6887 029.1068 252.900 -20.400
2019-11-13T13:45:22.153 181.6947 029.0066 252.900 -20.500
2019-11-13T13:45:24.153 181.7007 028.9064 252.900 -20.600
2019-11-13T13:45:26.153 181.7066 028.8063 252.900 -20.700
2019-11-13T13:45:28.153 181.7125 028.7061 252.900 -20.800
2019-11-13T13:45:30.153 181.7184 028.6060 252.900 -20.900
2019-11-13T13:45:32.153 181.7243 028.5058 252.900 -21.000
2019-11-13T13:45:34.153 181.7301 028.4057 252.900 -21.100
2019-11-13T13:45:36.153 181.7360 028.3055 252.900 -21.200
2019-11-13T13:45:38.153 181.7418 028.2053 252.900 -21.300
2019-11-13T13:45:40.153 181.7476 028.1052 252.900 -21.400
2019-11-13T13:45:42.153 181.7533 028.0050 252.900 -21.500
2019-11-13T13:45:44.153 181.7591 027.9049 252.900 -21.600
2019-11-13T13:45:46.153 181.7648 027.8047 252.900 -21.700
2019-11-13T13:45:48.153 181.7705 027.7045 252.900 -21.800
2019-11-13T13:45:50.153 181.7761 027.6044 252.900 -21.900
2019-11-13T13:45:52.153 181.6802 027.6067 253.000 -21.900
2019-11-13T13:45:54.153 181.6919 027.7064 253.000 -21.800
2019-11-13T13:45:56.153 181.7036 027.8062 253.000 -21.700
2019-11-13T13:45:58.153 181.7154 027.9060 253.000 -21.600
2019-11-13T13:46:00.153 181.7272 028.0058 253.000 -21.500
2019-11-13T13:46:02.153 181.7390 028.1056 253.000 -21.400
2019-11-13T13:46:04.153 181.7509 028.2053 253.000 -21.300
2019-11-13T13:46:06.153 181.7628 028.3051 253.000 -21.200
2019-11-13T13:46:08.153 181.7747 028.4049 253.000 -21.100
2019-11-13T13:46:10.153 181.7867 028.5046 253.000 -21.000
2019-11-13T13:46:12.153 181.7987 028.6044 253.000 -20.900
2019-11-13T13:46:14.153 181.8107 028.7042 253.000 -20.800
2019-11-13T13:46:16.153 181.8228 028.8039 253.000 -20.700
2019-11-13T13:46:18.153 181.8349 028.9037 253.000 -20.600
2019-11-13T13:46:20.153 181.8470 029.0034 253.000 -20.500
2019-11-13T13:46:21.593 181.8592 029.1032 253.000 -20.400
2019-11-13T13:46:23.593 181.8689 029.2030 253.000 -20.300
2019-11-13T13:46:25.593 181.8811 029.3028 253.000 -20.200
2019-11-13T13:46:27.593 181.8934 029.4025 253.000 -20.100
2019-11-13T13:46:29.593 181.9057 029.5023 253.000 -20.000
2019-11-13T13:46:31.593 181.9181 029.6020 253.000 -19.900
2019-11-13T13:46:33.593 181.9305 029.7018 253.000 -19.800
2019-11-13T13:46:35.593 181.9429 029.8015 253.000 -19.700
2019-11-13T13:46:37.593 181.9553 029.9012 253.000 -19.600
2019-11-13T13:46:39.593 181.9678 030.0010 253.000 -19.500
2019-11-13T13:46:41.593 181.9804 030.1007 253.000 -19.400
2019-11-13T13:46:43.593 181.9929 030.2005 253.000 -19.300
2019-11-13T13:46:45.593 182.0055 030.3002 253.000 -19.200
2019-11-13T13:46:47.593 182.0182 030.3999 253.000 -19.100
2019-11-13T13:46:49.593 182.0308 030.4997 253.000 -19.000
2019-11-13T13:46:51.593 181.9303 030.5022 253.100 -19.000
2019-11-13T13:46:53.593 181.9361 030.4021 253.100 -19.100
2019-11-13T13:46:55.593 181.9419 030.3019 253.100 -19.200
2019-11-13T13:46:57.593 181.9476 030.2017 253.100 -19.300
2019-11-13T13:46:59.593 181.9533 030.1015 253.100 -19.400
2019-11-13T13:47:01.593 181.9590 030.0014 253.100 -19.500
2019-11-13T13:47:03.593 181.9647 029.9012 253.100 -19.600
2019-11-13T13:47:05.593 181.9703 029.8010 253.100 -19.700
2019-11-13T13:47:07.593 181.9760 029.7008 253.100 -19.800
2019-11-13T13:47:09.593 181.9816 029.6007 253.100 -19.900
2019-11-13T13:47:11.593 181.9871 029.5005 253.100 -20.000
2019-11-13T13:47:13.593 181.9927 029.4003 253.100 -20.100
2019-11-13T13:47:15.593 181.9982 029.3001 253.100 -20.200
2019-11-13T13:47:17.593 182.0038 029.2000 253.100 -20.300
2019-11-13T13:47:19.593 182.0093 029.0998 253.100 -20.400
2019-11-13T13:47:21.593 182.0147 028.9996 253.100 -20.500
2019-11-13T13:47:23.593 182.0202 028.8994 253.100 -20.600
2019-11-13T13:47:25.593 182.0256 028.7992 253.100 -20.700
2019-11-13T13:47:27.032 182.0310 028.6991 253.100 -20.800
2019-11-13T13:47:29.032 182.0339 028.5989 253.100 -20.900
2019-11-13T13:47:31.032 182.0393 028.4988 253.100 -21.000
2019-11-13T13:47:33.032 182.0446 028.3986 253.100 -21.100
2019-11-13T13:47:35.032 182.0499 028.2984 253.100 -21.200
2019-11-13T13:47:37.032 182.0552 028.1982 253.100 -21.300
2019-11-13T13:47:39.032 182.0605 028.0980 253.100 -21.400
2019-11-13T13:47:41.032 182.0657 027.9979 253.100 -21.500
2019-11-13T13:47:43.032 182.0710 027.8977 253.100 -21.600
2019-11-13T13:47:45.032 182.0762 027.7975 253.100 -21.700
2019-11-13T13:47:47.032 182.0814 027.6973 253.100 -21.800
2019-11-13T13:47:49.032 182.0865 027.5971 253.100 -21.900
2019-11-13T13:47:51.032 181.9906 027.5998 253.200 -21.900
2019-11-13T13:47:53.032 182.0028 027.6995 253.200 -21.800
2019-11-13T13:47:55.032 182.0151 027.7993 253.200 -21.700
2019-11-13T13:47:57.032 182.0273 027.8990 253.200 -21.600
2019-11-13T13:47:59.032 182.0396 027.9987 253.200 -21.500
2019-11-13T13:48:01.032 182.0519 028.0984 253.200 -21.400
2019-11-13T13:48:03.032 182.0643 028.1982 253.200 -21.300
2019-11-13T13:48:05.032 182.0767 028.2979 253.200 -21.200
2019-11-13T13:48:07.032 182.0892 028.3976 253.200 -21.100
2019-11-13T13:48:09.032 182.1016 028.4973 253.200 -21.000
2019-11-13T13:48:11.032 182.1141 028.5970 253.200 -20.900
2019-11-13T13:48:13.032 182.1267 028.6968 253.200 -20.800
2019-11-13T13:48:15.032 182.1393 028.7965 253.200 -20.700
2019-11-13T13:48:17.032 182.1519 028.8962 253.200 -20.600
2019-11-13T13:48:19.032 182.1645 028.9959 253.200 -20.500
2019-11-13T13:48:21.032 182.1772 029.0956 253.200 -20.400
2019-11-13T13:48:23.032 182.1899 029.1953 253.200 -20.300
2019-11-13T13:48:25.032 182.2027 029.2950 253.200 -20.200
2019-11-13T13:48:27.032 182.2155 029.3947 253.200 -20.100
2019-11-13T13:48:29.032 182.2283 029.4944 253.200 -20.000
2019-11-13T13:48:31.032 182.2412 029.5941 253.200 -19.900
2019-11-13T13:48:32.472 182.2541 029.6938 253.200 -19.800
2019-11-13T13:48:34.472 182.2645 029.7936 253.200 -19.700
2019-11-13T13:48:36.472 182.2775 029.8933 253.200 -19.600
2019-11-13T13:48:38.472 182.2905 029.9929 253.200 -19.500
2019-11-13T13:48:40.472 182.3036 030.0926 253.200 -19.400
2019-11-13T13:48:42.472 182.3166 030.1923 253.200 -19.300
2019-11-13T13:48:44.472 182.3298 030.2920 253.200 -19.200
2019-11-13T13:48:46.472 182.3429 030.3917 253.200 -19.100
2019-11-13T13:48:48.472 182.3561 030.4914 253.200 -19.000
2019-11-13T13:48:50.472 182.2556 030.4944 253.300 -19.000
2019-11-13T13:48:52.472 182.2609 030.3942 253.300 -19.100
2019-11-13T13:48:54.472 182.2661 030.2940 253.300 -19.200
2019-11-13T13:48:56.472 182.2713 030.1938 253.300 -19.300
2019-11-13T13:48:58.472 182.2765 030.0936 253.300 -19.400
2019-11-13T13:49:00.472 182.2817 029.9934 253.300 -19.500
2019-11-13T13:49:02.472 182.2868 029.8932 253.300 -19.600
2019-11-13T13:49:04.472 182.2920 029.7930 253.300 -19.700
2019-11-13T13:49:06.472 182.2971 029.6928 253.300 -19.800
2019-11-13T13:49:08.472 182.3022 029.5926 253.300 -19.900
2019-11-13T13:49:10.472 182.3072 029.4924 253.300 -20.000
2019-11-13T13:49:12.472 182.3123 029.3922 253.300 -20.100
2019-11-13T13:49:14.472 182.3173 029.2920 253.300 -20.200
2019-11-13T13:49:16.472 182.3223 029.1918 253.300 -20.300
2019-11-13T13:49:18.472 182.3272 029.0916 253.300 -20.400
2019-11-13T13:49:20.472 182.3322 028.9914 253.300 -20.500
2019-11-13T13:49:22.472 182.3371 028.8912 253.300 -20.600
2019-11-13T13:49:24.472 182.3420 028.7910 253.300 -20.700
2019-11-13T13:49:26.472 182.3469 028.6908 253.300 -20.800
2019-11-13T13:49:28.472 182.3518 028.5906 253.300 -20.900
2019-11-13T13:49:30.472 182.3566 028.4904 253.300 -21.000
2019-11-13T13:49:32.472 182.3615 028.3902 253.300 -21.100
2019-11-13T13:49:34.472 182.3663 028.2900 253.300 -21.200
2019-11-13T13:49:36.472 182.3711 028.1898 253.300 -21.300
2019-11-13T13:49:37.911 182.3758 028.0896 253.300 -21.400
2019-11-13T13:49:39.911 182.3781 027.9895 253.300 -21.500
2019-11-13T13:49:41.911 182.3828 027.8893 253.300 -21.600
2019-11-13T13:49:43.911 182.3875 027.7891 253.300 -21.700
2019-11-13T13:49:45.911 182.3922 027.6889 253.300 -21.800
2019-11-13T13:49:47.911 182.3969 027.5887 253.300 -21.900
2019-11-13T13:49:49.911 182.3010 027.5917 253.400 -21.900
2019-11-13T13:49:51.911 182.3137 027.6914 253.400 -21.800
2019-11-13T13:49:53.911 182.3264 027.7911 253.400 -21.700
2019-11-13T13:49:55.911 182.3392 027.8907 253.400 -21.600
2019-11-13T13:49:57.911 182.3520 027.9904 253.400 -21.500
2019-11-13T13:49:59.911 182.3648 028.0901 253.400 -21.400
2019-11-13T13:50:01.911 182.3777 028.1898 253.400 -21.300
2019-11-13T13:50:03.911 182.3906 028.2894 253.400 -21.200
2019-11-13T13:50:05.911 182.4035 028.3891 253.400 -21.100
2019-11-13T13:50:07.911 182.4165 028.4888 253.400 -21.000
2019-11-13T13:50:09.911 182.4295 028.5885 253.400 -20.900
2019-11-13T13:50:11.911 182.4426 028.6881 253.400 -20.800
2019-11-13T13:50:13.911 182.4557 028.7878 253.400 -20.700
2019-11-13T13:50:15.911 182.4688 028.8874 253.400 -20.600
2019-11-13T13:50:17.911 182.4820 028.9871 253.400 -20.500
2019-11-13T13:50:19.911 182.4952 029.0868 253.400 -20.400
2019-11-13T13:50:21.911 182.5084 029.1864 253.400 -20.300
2019-11-13T13:50:23.911 182.5217 029.2861 253.400 -20.200
2019-11-13T13:50:25.911 182.5350 029.3857 253.400 -20.100
2019-11-13T13:50:27.911 182.5483 029.4854 253.400 -20.000
2019-11-13T13:50:29.911 182.5617 029.5850 253.400 -19.900
2019-11-13T13:50:31.911 182.5752 029.6846 253.400 -19.800
2019-11-13T13:50:33.911 182.5886 029.7843 253.400 -19.700
2019-11-13T13:50:35.911 182.6021 029.8839 253.400 -19.600
2019-11-13T13:50:37.911 182.6157 029.9836 253.400 -19.500
2019-11-13T13:50:39.911 182.6292 030.0832 253.400 -19.400
2019-11-13T13:50:41.911 182.6429 030.1828 253.400 -19.300
2019-11-13T13:50:43.351 182.6565 030.2825 253.400 -19.200
2019-11-13T13:50:45.351 182.6676 030.3822 253.400 -19.100
2019-11-13T13:50:47.351 182.6814 030.4818 253.400 -19.000
2019-11-13T13:50:49.351 182.5809 030.4852 253.500 -19.000
2019-11-13T13:50:51.351 182.5856 030.3850 253.500 -19.100
2019-11-13T13:50:53.351 182.5903 030.2848 253.500 -19.200
2019-11-13T13:50:55.351 182.5950 030.1845 253.500 -19.300
2019-11-13T13:50:57.351 182.5997 030.0843 253.500 -19.400
2019-11-13T13:50:59.351 182.6043 029.9841 253.500 -19.500
2019-11-13T13:51:01.351 182.6089 029.8839 253.500 -19.600
2019-11-13T13:51:03.351 182.6135 029.7837 253.500 -19.700
2019-11-13T13:51:05.351 182.6181 029.6835 253.500 -19.800
2019-11-13T13:51:07.351 182.6227 029.5832 253.500 -19.900
2019-11-13T13:51:09.351 182.6272 029.4830 253.500 -20.000
2019-11-13T13:51:11.351 182.6317 029.3828 253.500 -20.100
2019-11-13T13:51:13.351 182.6362 029.2826 253.500 -20.200
2019-11-13T13:51:15.351 182.6407 029.1824 253.500 -20.300
2019-11-13T13:51:17.351 182.6452 029.0822 253.500 -20.400
2019-11-13T13:51:19.351 182.6496 028.9819 253.500 -20.500
2019-11-13T13:51:21.351 182.6540 028.8817 253.500 -20.600
2019-11-13T13:51:23.351 182.6584 028.7815 253.500 -20.700
2019-11-13T13:51:25.351 182.6628 028.6813 253.500 -20.800
2019-11-13T13:51:27.351 182.6671 028.5811 253.500 -20.900
2019-11-13T13:51:29.351 182.6715 028.4808 253.500 -21.000
2019-11-13T13:51:31.351 182.6758 028.3806 253.500 -21.100
2019-11-13T13:51:33.351 182.6801 028.2804 253.500 -21.200
2019-11-13T13:51:35.351 182.6844 028.1802 253.500 -21.300
2019-11-13T13:51:37.351 182.6886 028.0800 253.500 -21.400
2019-11-13T13:51:39.351 182.6928 027.9798 253.500 -21.500
2019-11-13T13:51:41.351 182.6971 027.8795 253.500 -21.600
2019-11-13T13:51:43.351 182.7013 027.7793 253.500 -21.700
2019-11-13T13:51:45.351 182.7054 027.6791 253.500 -21.800
2019-11-13T13:51:47.351 182.7096 027.5789 253.500 -21.900
2019-11-13T13:51:48.790 182.6137 027.5823 253.600 -21.900
2019-11-13T13:51:50.790 182.6245 027.6820 253.600 -21.800
2019-11-13T13:51:52.790 182.6377 027.7816 253.600 -21.700
2019-11-13T13:51:54.790 182.6510 027.8813 253.600 -21.600
2019-11-13T13:51:56.790 182.6643 027.9809 253.600 -21.500
2019-11-13T13:51:58.790 182.6776 028.0805 253.600 -21.400
2019-11-13T13:52:00.790 182.6910 028.1801 253.600 -21.300
2019-11-13T13:52:02.790 182.7044 028.2798 253.600 -21.200
2019-11-13T13:52:04.790 182.7178 028.3794 253.600 -21.100
2019-11-13T13:52:06.790 182.7313 028.4790 253.600 -21.000
2019-11-13T13:52:08.790 182.7449 028.5786 253.600 -20.900
2019-11-13T13:52:10.790 182.7584 028.6782 253.600 -20.800
2019-11-13T13:52:12.790 182.7720 028.7778 253.600 -20.700
2019-11-13T13:52:14.790 182.7856 028.8774 253.600 -20.600
2019-11-13T13:52:16.790 182.7993 028.9771 253.600 -20.500
2019-11-13T13:52:18.790 182.8130 029.0767 253.600 -20.400
2019-11-13T13:52:20.790 182.8268 029.1763 253.600 -20.300
2019-11-13T13:52:22.790 182.8406 029.2759 253.600 -20.200
2019-11-13T13:52:24.790 182.8544 029.3755 253.600 -20.100
2019-11-13T13:52:26.790 182.8683 029.4750 253.600 -20.000
2019-11-13T13:52:28.790 182.8822 029.5746 253.600 -19.900
2019-11-13T13:52:30.790 182.8961 029.6742 253.600 -19.800
2019-11-13T13:52:32.790 182.9101 029.7738 253.600 -19.700
2019-11-13T13:52:34.790 182.9241 029.8734 253.600 -19.600
2019-11-13T13:52:36.790 182.9382 029.9730 253.600 -19.500
2019-11-13T13:52:38.790 182.9523 030.0726 253.600 -19.400
2019-11-13T13:52:40.790 182.9664 030.1721 253.600 -19.300
2019-11-13T13:52:42.790 182.9806 030.2717 253.600 -19.200
2019-11-13T13:52:44.790 182.9948 030.3713 253.600 -19.100
2019-11-13T13:52:46.790 183.0091 030.4709 253.600 -19.000
2019-11-13T13:52:48.790 182.9086 030.4747 253.700 -19.000
2019-11-13T13:52:50.790 182.9128 030.3744 253.700 -19.100
2019-11-13T13:52:52.790 182.9170 030.2742 253.700 -19.200
2019-11-13T13:52:54.230 182.9211 030.1740 253.700 -19.300
2019-11-13T13:52:56.230 182.9227 030.0738 253.700 -19.400
2019-11-13T13:52:58.230 182.9268 029.9736 253.700 -19.500
2019-11-13T13:53:00.230 182.9309 029.8733 253.700 -19.600
2019-11-13T13:53:02.230 182.9350 029.7731 253.700 -19.700
2019-11-13T13:53:04.230 182.9391 029.6729 253.700 -19.800
2019-11-13T13:53:06.230 182.9431 029.5726 253.700 -19.900
2019-11-13T13:53:08.230 182.9471 029.4724 253.700 -20.000
2019-11-13T13:53:10.230 182.9511 029.3722 253.700 -20.100
2019-11-13T13:53:12.230 182.9551 029.2719 253.700 -20.200
2019-11-13T13:53:14.230 182.9590 029.1717 253.700 -20.300
2019-11-13T13:53:16.230 182.9630 029.0715 253.700 -20.400
2019-11-13T13:53:18.230 182.9669 028.9712 253.700 -20.500
2019-11-13T13:53:20.230 182.9708 028.8710 253.700 -20.600
2019-11-13T13:53:22.230 182.9747 028.7708 253.700 -20.700
2019-11-13T13:53:24.230 182.9786 028.6705 253.700 -20.800
2019-11-13T13:53:26.230 182.9824 028.5703 253.700 -20.900
2019-11-13T13:53:28.230 182.9862 028.4701 253.700 -21.000
2019-11-13T13:53:30.230 182.9900 028.3698 253.700 -21.100
2019-11-13T13:53:32.230 182.9938 028.2696 253.700 -21.200
2019-11-13T13:53:34.230 182.9976 028.1694 253.700 -21.300
2019-11-13T13:53:36.230 183.0013 028.0691 253.700 -21.400
2019-11-13T13:53:38.230 183.0051 027.9689 253.700 -21.500
2019-11-13T13:53:40.230 183.0088 027.8687 253.700 -21.600
2019-11-13T13:53:42.230 183.0125 027.7684 253.700 -21.700
2019-11-13T13:53:44.230 183.0161 027.6682 253.700 -21.800
2019-11-13T13:53:46.230 183.0198 027.5680 253.700 -21.900
2019-11-13T13:53:48.230 182.9239 027.5717 253.800 -21.900
2019-11-13T13:53:50.230 182.9376 027.6713 253.800 -21.800
2019-11-13T13:53:52.230 182.9514 027.7709 253.800 -21.700
2019-11-13T13:53:54.230 182.9651 027.8705 253.800 -21.600
2019-11-13T13:53:56.230 182.9789 027.9701 253.800 -21.500
2019-11-13T13:53:58.230 182.9928 028.0696 253.800 -21.400
2019-11-13T13:53:59.669 183.0067 028.1692 253.800 -21.300
2019-11-13T13:54:01.669 183.0181 028.2689 253.800 -21.200
2019-11-13T13:54:03.669 183.0321 028.3684 253.800 -21.100
2019-11-13T13:54:05.669 183.0461 028.4680 253.800 -21.000
2019-11-13T13:54:07.669 183.0601 028.5675 253.800 -20.900
2019-11-13T13:54:09.669 183.0742 028.6671 253.800 -20.800
2019-11-13T13:54:11.669 183.0883 028.7667 253.800 -20.700
2019-11-13T13:54:13.669 183.1024 028.8662 253.800 -20.600
2019-11-13T13:54:15.669 183.1166 028.9658 253.800 -20.500
2019-11-13T13:54:17.669 183.1308 029.0653 253.800 -20.400
2019-11-13T13:54:19.669 183.1451 029.1649 253.800 -20.300
2019-11-13T13:54:21.669 183.1594 029.2644 253.800 -20.200
2019-11-13T13:54:23.669 183.1737 029.3639 253.800 -20.100
2019-11-13T13:54:25.669 183.1881 029.4635 253.800 -20.000
2019-11-13T13:54:27.669 183.2025 029.5630 253.800 -19.900
2019-11-13T13:54:29.669 183.2170 029.6626 253.800 -19.800
2019-11-13T13:54:31.669 183.2315 029.7621 253.800 -19.700
2019-11-13T13:54:33.669 183.2460 029.8616 253.800 -19.600
2019-11-13T13:54:35.669 183.2606 029.9611 253.800 -19.500
2019-11-13T13:54:37.669 183.2752 030.0607 253.800 -19.400
2019-11-13T13:54:39.669 183.2899 030.1602 253.800 -19.300
2019-11-13T13:54:41.669 183.3046 030.2597 253.800 -19.200
2019-11-13T13:54:43.669 183.3193 030.3592 253.800 -19.100
2019-11-13T13:54:45.669 183.3341 030.4587 253.800 -19.000
2019-11-13T13:54:47.669 183.2337 030.4629 253.900 -19.000
2019-11-13T13:54:49.669 183.2374 030.3627 253.900 -19.100
2019-11-13T13:54:51.669 183.2410 030.2624 253.900 -19.200
2019-11-13T13:54:53.669 183.2446 030.1622 253.900 -19.300
2019-11-13T13:54:55.669 183.2482 030.0619 253.900 -19.400
2019-11-13T13:54:57.669 183.2518 029.9617 253.900 -19.500
2019-11-13T13:54:59.669 183.2554 029.8614 253.900 -19.600
2019-11-13T13:55:01.669 183.2589 029.7612 253.900 -19.700
2019-11-13T13:55:03.669 183.2625 029.6609 253.900 -19.800
2019-11-13T13:55:05.109 183.2660 029.5607 253.900 -19.900
2019-11-13T13:55:07.109 183.2669 029.4605 253.900 -20.000
2019-11-13T13:55:09.109 183.2704 029.3603 253.900 -20.100
2019-11-13T13:55:11.109 183.2739 029.2600 253.900 -20.200
2019-11-13T13:55:13.109 183.2773 029.1598 253.900 -20.300
2019-11-13T13:55:15.109 183.2807 029.0595 253.900 -20.400
2019-11-13T13:55:17.109 183.2841 028.9593 253.900 -20.500
2019-11-13T13:55:19.109 183.2875 028.8590 253.900 -20.600
2019-11-13T13:55:21.109 183.2909 028.7588 253.900 -20.700
2019-11-13T13:55:23.109 183.2942 028.6585 253.900 -20.800
2019-11-13T13:55:25.109 183.2976 028.5583 253.900 -20.900
2019-11-13T13:55:27.109 183.3009 028.4580 253.900 -21.000
2019-11-13T13:55:29.109 183.3042 028.3578 253.900 -21.100
2019-11-13T13:55:31.109 183.3074 028.2575 253.900 -21.200
2019-11-13T13:55:33.109 183.3107 028.1573 253.900 -21.300
2019-11-13T13:55:35.109 183.3139 028.0570 253.900 -21.400
2019-11-13T13:55:37.109 183.3172 027.9568 253.900 -21.500
2019-11-13T13:55:39.109 183.3204 027.8566 253.900 -21.600
2019-11-13T13:55:41.109 183.3236 027.7563 253.900 -21.700
2019-11-13T13:55:43.109 183.3267 027.6561 253.900 -21.800
2019-11-13T13:55:45.109 183.3299 027.5558 253.900 -21.900
2019-11-13T13:55:47.109 183.2341 027.5600 254.000 -21.900
2019-11-13T13:55:49.109 183.2483 027.6595 254.000 -21.800
2019-11-13T13:55:51.109 183.2625 027.7590 254.000 -21.700
2019-11-13T13:55:53.109 183.2768 027.8586 254.000 -21.600
2019-11-13T13:55:55.109 183.2911 027.9581 254.000 -21.500
2019-11-13T13:55:57.109 183.3054 028.0576 254.000 -21.400
2019-11-13T13:55:59.109 183.3198 028.1571 254.000 -21.300
2019-11-13T13:56:01.109 183.3342 028.2566 254.000 -21.200
2019-11-13T13:56:03.109 183.3487 028.3561 254.000 -21.100
2019-11-13T13:56:05.109 183.3632 028.4556 254.000 -21.000
2019-11-13T13:56:07.109 183.3777 028.5551 254.000 -20.900
2019-11-13T13:56:09.109 183.3923 028.6546 254.000 -20.800
2019-11-13T13:56:10.549 183.4069 028.7541 254.000 -20.700
2019-11-13T13:56:12.549 183.4191 028.8537 254.000 -20.600
2019-11-13T13:56:14.549 183.4338 028.9532 254.000 -20.500
2019-11-13T13:56:16.549 183.4485 029.0527 254.000 -20.400
2019-11-13T13:56:18.549 183.4633 029.1522 254.000 -20.300
2019-11-13T13:56:20.549 183.4781 029.2517 254.000 -20.200
2019-11-13T13:56:22.549 183.4929 029.3512 254.000 -20.100
2019-11-13T13:56:24.549 183.5078 029.4507 254.000 -20.000
2019-11-13T13:56:26.549 183.5228 029.5501 254.000 -19.900
2019-11-13T13:56:28.549 183.5378 029.6496 254.000 -19.800
2019-11-13T13:56:30.549 183.5528 029.7491 254.000 -19.700
2019-11-13T13:56:32.549 183.5678 029.8486 254.000 -19.600
2019-11-13T13:56:34.549 183.5829 029.9480 254.000 -19.500
2019-11-13T13:56:36.549 183.5981 030.0475 254.000 -19.400
2019-11-13T13:56:38.549 183.6133 030.1470 254.000 -19.300
2019-11-13T13:56:40.549 183.6285 030.2464 254.000 -19.200
2019-11-13T13:56:42.549 183.6438 030.3459 254.000 -19.100
2019-11-13T13:56:44.549 183.6591 030.4453 254.000 -19.000
2019-11-13T13:56:46.549 183.5587 030.4499 254.100 -19.000
2019-11-13T13:56:48.549 183.5618 030.3496 254.100 -19.100
2019-11-13T13:56:50.549 183.5649 030.2494 254.100 -19.200
2019-11-13T13:56:52.549 183.5680 030.1491 254.100 -19.300
2019-11-13T13:56:54.549 183.5711 030.0489 254.100 -19.400
2019-11-13T13:56:56.549 183.5741 029.9486 254.100 -19.500
2019-11-13T13:56:58.549 183.5772 029.8483 254.100 -19.600
2019-11-13T13:57:00.549 183.5802 029.7481 254.100 -19.700
2019-11-13T13:57:02.549 183.5832 029.6478 254.100 -19.800
2019-11-13T13:57:04.549 183.5862 029.5475 254.100 -19.900
2019-11-13T13:57:06.549 183.5892 029.4473 254.100 -20.000
2019-11-13T13:57:08.549 183.5921 029.3470 254.100 -20.100
2019-11-13T13:57:10.549 183.5951 029.2468 254.100 -20.200
2019-11-13T13:57:12.549 183.5980 029.1465 254.100 -20.300
2019-11-13T13:57:14.549 183.6009 029.0462 254.100 -20.400
2019-11-13T13:57:15.988 183.6038 028.9460 254.100 -20.500
2019-11-13T13:57:17.988 183.6041 028.8458 254.100 -20.600
2019-11-13T13:57:19.988 183.6070 028.7456 254.100 -20.700
2019-11-13T13:57:21.988 183.6098 028.6453 254.100 -20.800
2019-11-13T13:57:23.988 183.6126 028.5450 254.100 -20.900
2019-11-13T13:57:25.988 183.6154 028.4448 254.100 -21.000
2019-11-13T13:57:27.988 183.6182 028.3445 254.100 -21.100
2019-11-13T13:57:29.988 183.6210 028.2443 254.100 -21.200
2019-11-13T13:57:31.988 183.6237 028.1440 254.100 -21.300
2019-11-13T13:57:33.988 183.6265 028.0437 254.100 -21.400
2019-11-13T13:57:35.988 183.6292 027.9435 254.100 -21.500
2019-11-13T13:57:37.988 183.6319 027.8432 254.100 -21.600
2019-11-13T13:57:39.988 183.6346 027.7430 254.100 -21.700
2019-11-13T13:57:41.988 183.6372 027.6427 254.100 -21.800
2019-11-13T13:57:43.988 183.6399 027.5424 254.100 -21.900
2019-11-13T13:57:45.988 183.5441 027.5470 254.200 -21.900
2019-11-13T13:57:47.988 183.5588 027.6465 254.200 -21.800
2019-11-13T13:57:49.988 183.5735 027.7459 254.200 -21.700
2019-11-13T13:57:51.988 183.5883 027.8454 254.200 -21.600
2019-11-13T13:57:53.988 183.6031 027.9449 254.200 -21.500
2019-11-13T13:57:55.988 183.6179 028.0443 254.200 -21.400
2019-11-13T13:57:57.988 183.6328 028.1438 254.200 -21.300
2019-11-13T13:57:59.988 183.6477 028.2432 254.200 -21.200
2019-11-13T13:58:01.988 183.6627 028.3427 254.200 -21.100
2019-11-13T13:58:03.988 183.6777 028.4421 254.200 -21.000
2019-11-13T13:58:05.988 183.6928 028.5416 254.200 -20.900
2019-11-13T13:58:07.988 183.7078 028.6410 254.200 -20.800
2019-11-13T13:58:09.988 183.7230 028.7404 254.200 -20.700
2019-11-13T13:58:11.988 183.7381 028.8399 254.200 -20.600
2019-11-13T13:58:13.988 183.7533 028.9393 254.200 -20.500
2019-11-13T13:58:15.988 183.7686 029.0388 254.200 -20.400
2019-11-13T13:58:17.988 183.7839 029.1382 254.200 -20.300
2019-11-13T13:58:19.988 183.7992 029.2376 254.200 -20.200
2019-11-13T13:58:21.428 183.8146 029.3370 254.200 -20.100
2019-11-13T13:58:23.428 183.8275 029.4366 254.200 -20.000
2019-11-13T13:58:25.428 183.8429 029.5360 254.200 -19.900
2019-11-13T13:58:27.428 183.8584 029.6354 254.200 -19.800
2019-11-13T13:58:29.428 183.8739 029.7348 254.200 -19.700
2019-11-13T13:58:31.428 183.8895 029.8342 254.200 -19.600
2019-11-13T13:58:33.428 183.9051 029.9336 254.200 -19.500
2019-11-13T13:58:35.428 183.9208 030.0330 254.200 -19.400
2019-11-13T13:58:37.428 183.9365 030.1324 254.200 -19.300
2019-11-13T13:58:39.428 183.9523 030.2318 254.200 -19.200
2019-11-13T13:58:41.428 183.9680 030.3312 254.200 -19.100
2019-11-13T13:58:43.428 183.9839 030.4306 254.200 -19.000
2019-11-13T13:58:45.428 183.8835 030.4356 254.300 -19.000
2019-11-13T13:58:47.428 183.8861 030.3353 254.300 -19.100
2019-11-13T13:58:49.428 183.8887 030.2351 254.300 -19.200
2019-11-13T13:58:51.428 183.8913 030.1348 254.300 -19.300
2019-11-13T13:58:53.428 183.8938 030.0345 254.300 -19.400
2019-11-13T13:58:55.428 183.8964 029.9342 254.300 -19.500
2019-11-13T13:58:57.428 183.8989 029.8340 254.300 -19.600
2019-11-13T13:58:59.428 183.9014 029.7337 254.300 -19.700
2019-11-13T13:59:01.428 183.9038 029.6334 254.300 -19.800
2019-11-13T13:59:03.428 183.9063 029.5332 254.300 -19.900
2019-11-13T13:59:05.428 183.9088 029.4329 254.300 -20.000
2019-11-13T13:59:07.428 183.9112 029.3326 254.300 -20.100
2019-11-13T13:59:09.428 183.9136 029.2323 254.300 -20.200
2019-11-13T13:59:11.428 183.9160 029.1321 254.300 -20.300
2019-11-13T13:59:13.428 183.9184 029.0318 254.300 -20.400
2019-11-13T13:59:15.428 183.9208 028.9315 254.300 -20.500
2019-11-13T13:59:17.428 183.9231 028.8312 254.300 -20.600
2019-11-13T13:59:19.428 183.9255 028.7310 254.300 -20.700
2019-11-13T13:59:21.428 183.9278 028.6307 254.300 -20.800
2019-11-13T13:59:23.428 183.9301 028.5304 254.300 -20.900
2019-11-13T13:59:25.428 183.9324 028.4302 254.300 -21.000
2019-11-13T13:59:26.867 183.9346 028.3299 254.300 -21.100
2019-11-13T13:59:28.867 183.9344 028.2297 254.300 -21.200
2019-11-13T13:59:30.867 183.9367 028.1295 254.300 -21.300
2019-11-13T13:59:32.867 183.9389 028.0292 254.300 -21.400
2019-11-13T13:59:34.867 183.9411 027.9289 254.300 -21.500
2019-11-13T13:59:36.867 183.9433 027.8287 254.300 -21.600
2019-11-13T13:59:38.867 183.9455 027.7284 254.300 -21.700
2019-11-13T13:59:40.867 183.9476 027.6281 254.300 -21.800
2019-11-13T13:59:42.867 183.9498 027.5279 254.300 -21.900
2019-11-13T13:59:44.867 183.8540 027.5328 254.400 -21.900
2019-11-13T13:59:46.867 183.8692 027.6322 254.400 -21.800
2019-11-13T13:59:48.867 183.8844 027.7316 254.400 -21.700
2019-11-13T13:59:50.867 183.8997 027.8310 254.400 -21.600
2019-11-13T13:59:52.867 183.9150 027.9304 254.400 -21.500
2019-11-13T13:59:54.867 183.9304 028.0298 254.400 -21.400
2019-11-13T13:59:56.867 183.9457 028.1292 254.400 -21.300
2019-11-13T13:59:58.867 183.9612 028.2286 254.400 -21.200
2019-11-13T14:00:00.867 183.9766 028.3280 254.400 -21.100
2019-11-13T14:00:02.867 183.9921 028.4274 254.400 -21.000
2019-11-13T14:00:04.867 184.0077 028.5268 254.400 -20.900
2019-11-13T14:00:06.867 184.0233 028.6261 254.400 -20.800
2019-11-13T14:00:08.867 184.0389 028.7255 254.400 -20.700
2019-11-13T14:00:10.867 184.0546 028.8249 254.400 -20.600
2019-11-13T14:00:12.867 184.0703 028.9243 254.400 -20.500
2019-11-13T14:00:14.867 184.0861 029.0236 254.400 -20.400
2019-11-13T14:00:16.867 184.1019 029.1230 254.400 -20.300
2019-11-13T14:00:18.867 184.1177 029.2224 254.400 -20.200
2019-11-13T14:00:20.867 184.1336 029.3217 254.400 -20.100
2019-11-13T14:00:22.867 184.1495 029.4211 254.400 -20.000
2019-11-13T14:00:24.867 184.1655 029.5205 254.400 -19.900
2019-11-13T14:00:26.867 184.1815 029.6198 254.400 -19.800
2019-11-13T14:00:28.867 184.1975 029.7192 254.400 -19.700
2019-11-13T14:00:30.867 184.2136 029.8185 254.400 -19.600
2019-11-13T14:00:32.307 184.2298 029.9179 254.400 -19.500
2019-11-13T14:00:34.307 184.2434 030.0173 254.400 -19.400
2019-11-13T14:00:36.307 184.2596 030.1167 254.400 -19.300
2019-11-13T14:00:38.307 184.2759 030.2160 254.400 -19.200
2019-11-13T14:00:40.307 184.2922 030.3153 254.400 -19.100
2019-11-13T14:00:42.307 184.3086 030.4147 254.400 -19.000
2019-11-13T14:00:44.307 184.2083 030.4200 254.500 -19.000
2019-11-13T14:00:46.307 184.2103 030.3198 254.500 -19.100
2019-11-13T14:00:48.307 184.2124 030.2195 254.500 -19.200
2019-11-13T14:00:50.307 184.2144 030.1192 254.500 -19.300
2019-11-13T14:00:52.307 184.2164 030.0189 254.500 -19.400
2019-11-13T14:00:54.307 184.2184 029.9186 254.500 -19.500
2019-11-13T14:00:56.307 184.2204 029.8183 254.500 -19.600
2019-11-13T14:00:58.307 184.2224 029.7181 254.500 -19.700
2019-11-13T14:01:00.307 184.2244 029.6178 254.500 -19.800
2019-11-13T14:01:02.307 184.2263 029.5175 254.500 -19.900
2019-11-13T14:01:04.307 184.2282 029.4172 254.500 -20.000
2019-11-13T14:01:06.307 184.2302 029.3169 254.500 -20.100
2019-11-13T14:01:08.307 184.2320 029.2167 254.500 -20.200
2019-11-13T14:01:10.307 184.2339 029.1164 254.500 -20.300
2019-11-13T14:01:12.307 184.2358 029.0161 254.500 -20.400
2019-11-13T14:01:14.307 184.2377 028.9158 254.500 -20.500
2019-11-13T14:01:16.307 184.2395 028.8155 254.500 -20.600
2019-11-13T14:01:18.307 184.2413 028.7153 254.500 -20.700
2019-11-13T14:01:20.307 184.2431 028.6150 254.500 -20.800
2019-11-13T14:01:22.307 184.2449 028.5147 254.500 -20.900
2019-11-13T14:01:24.307 184.2467 028.4144 254.500 -21.000
2019-11-13T14:01:26.307 184.2484 028.3141 254.500 -21.100
2019-11-13T14:01:28.307 184.2502 028.2139 254.500 -21.200
2019-11-13T14:01:30.307 184.2519 028.1136 254.500 -21.300
2019-11-13T14:01:32.307 184.2536 028.0133 254.500 -21.400
2019-11-13T14:01:34.307 184.2553 027.9130 254.500 -21.500
2019-11-13T14:01:36.307 184.2570 027.8128 254.500 -21.600
2019-11-13T14:01:37.746 184.2587 027.7125 254.500 -21.700
2019-11-13T14:01:39.746 184.2579 027.6123 254.500 -21.800
2019-11-13T14:01:41.746 184.2595 027.5121 254.500 -21.900
2019-11-13T14:01:43.746 184.1638 027.5174 254.600 -21.900
2019-11-13T14:01:45.746 184.1795 027.6167 254.600 -21.800
2019-11-13T14:01:47.746 184.1952 027.7161 254.600 -21.700
2019-11-13T14:01:49.746 184.2110 027.8154 254.600 -21.600
2019-11-13T14:01:51.746 184.2268 027.9147 254.600 -21.500
2019-11-13T14:01:53.746 184.2427 028.0141 254.600 -21.400
2019-11-13T14:01:55.746 184.2585 028.1134 254.600 -21.300
2019-11-13T14:01:57.746 184.2745 028.2127 254.600 -21.200
2019-11-13T14:01:59.746 184.2904 028.3121 254.600 -21.100
2019-11-13T14:02:01.746 184.3064 028.4114 254.600 -21.000
2019-11-13T14:02:03.746 184.3225 028.5107 254.600 -20.900
2019-11-13T14:02:05.746 184.3386 028.6100 254.600 -20.800
2019-11-13T14:02:07.746 184.3547 028.7094 254.600 -20.700
2019-11-13T14:02:09.746 184.3709 028.8087 254.600 -20.600
2019-11-13T14:02:11.746 184.3871 028.9080 254.600 -20.500
2019-11-13T14:02:13.746 184.4034 029.0073 254.600 -20.400
2019-11-13T14:02:15.746 184.4197 029.1066 254.600 -20.300
2019-11-13T14:02:17.746 184.4360 029.2059 254.600 -20.200
2019-11-13T14:02:19.746 184.4524 029.3052 254.600 -20.100
2019-11-13T14:02:21.746 184.4689 029.4045 254.600 -20.000
2019-11-13T14:02:23.746 184.4854 029.5038 254.600 -19.900
2019-11-13T14:02:25.746 184.5019 029.6031 254.600 -19.800
2019-11-13T14:02:27.746 184.5184 029.7024 254.600 -19.700
2019-11-13T14:02:29.746 184.5351 029.8017 254.600 -19.600
2019-11-13T14:02:31.746 184.5517 029.9009 254.600 -19.500
2019-11-13T14:02:33.746 184.5684 030.0002 254.600 -19.400
2019-11-13T14:02:35.746 184.5852 030.0995 254.600 -19.300
2019-11-13T14:02:37.746 184.6019 030.1988 254.600 -19.200
2019-11-13T14:02:39.746 184.6188 030.2980 254.600 -19.100
2019-11-13T14:02:41.746 184.6357 030.3973 254.600 -19.000
