RA_{0} = 265.4
RAfinal = 267.6
DEC_{0} = -27.9
DECfinal = -30.1
    Date/Time    AZ (Deg)  EL (Deg)  RA(Deg)  DEC(deg)
-------------------------------------------------------------------------
2019-11-08T15:15:00.000 185.8009 021.4115 265.400 -27.900
2019-11-08T15:15:02.000 186.2851 021.4709 265.400 -27.800
2019-11-08T15:15:04.000 186.3034 021.5698 265.400 -27.700
2019-11-08T15:15:06.000 186.3217 021.6686 265.400 -27.600
2019-11-08T15:15:08.000 186.3400 021.7675 265.400 -27.500
2019-11-08T15:15:10.000 186.3584 021.8663 265.400 -27.400
2019-11-08T15:15:12.000 186.3768 021.9651 265.400 -27.300
2019-11-08T15:15:14.000 186.3953 022.0639 265.400 -27.200
2019-11-08T15:15:16.000 186.4138 022.1627 265.400 -27.100
2019-11-08T15:15:18.000 186.4324 022.2616 265.400 -27.000
2019-11-08T15:15:20.000 186.4510 022.3604 265.400 -26.900
2019-11-08T15:15:22.000 186.4696 022.4592 265.400 -26.800
2019-11-08T15:15:24.000 186.4883 022.5580 265.400 -26.700
2019-11-08T15:15:26.000 186.5070 022.6568 265.400 -26.600
2019-11-08T15:15:28.000 186.5257 022.7556 265.400 -26.500
2019-11-08T15:15:30.000 186.5445 022.8544 265.400 -26.400
2019-11-08T15:15:32.000 186.5634 022.9531 265.400 -26.300
2019-11-08T15:15:34.000 186.5823 023.0519 265.400 -26.200
2019-11-08T15:15:36.000 186.6012 023.1507 265.400 -26.100
2019-11-08T15:15:38.000 186.6201 023.2495 265.400 -26.000
2019-11-08T15:15:40.000 186.6391 023.3482 265.400 -25.900
2019-11-08T15:15:42.000 186.6582 023.4470 265.400 -25.800
2019-11-08T15:15:44.000 186.6773 023.5458 265.400 -25.700
2019-11-08T15:15:45.037 186.5876 023.5540 265.500 -25.700
2019-11-08T15:15:47.037 186.5811 023.4541 265.500 -25.800
2019-11-08T15:15:49.037 186.5785 023.3539 265.500 -25.900
2019-11-08T15:15:51.037 186.5758 023.2536 265.500 -26.000
2019-11-08T15:15:53.037 186.5732 023.1534 265.500 -26.100
2019-11-08T15:15:55.037 186.5705 023.0532 265.500 -26.200
2019-11-08T15:15:57.037 186.5678 022.9529 265.500 -26.300
2019-11-08T15:15:59.037 186.5652 022.8527 265.500 -26.400
2019-11-08T15:16:01.037 186.5625 022.7525 265.500 -26.500
2019-11-08T15:16:03.037 186.5598 022.6522 265.500 -26.600
2019-11-08T15:16:05.037 186.5571 022.5520 265.500 -26.700
2019-11-08T15:16:07.037 186.5544 022.4517 265.500 -26.800
2019-11-08T15:16:09.037 186.5516 022.3515 265.500 -26.900
2019-11-08T15:16:11.037 186.5489 022.2513 265.500 -27.000
2019-11-08T15:16:13.037 186.5461 022.1511 265.500 -27.100
2019-11-08T15:16:15.037 186.5434 022.0508 265.500 -27.200
2019-11-08T15:16:17.037 186.5406 021.9506 265.500 -27.300
2019-11-08T15:16:19.037 186.5378 021.8504 265.500 -27.400
2019-11-08T15:16:21.037 186.5350 021.7501 265.500 -27.500
2019-11-08T15:16:23.037 186.5322 021.6499 265.500 -27.600
2019-11-08T15:16:25.037 186.5294 021.5497 265.500 -27.700
2019-11-08T15:16:27.037 186.5266 021.4495 265.500 -27.800
2019-11-08T15:16:29.037 186.5238 021.3492 265.500 -27.900
2019-11-08T15:16:30.074 186.4372 021.3573 265.600 -27.900
2019-11-08T15:16:32.074 186.4519 021.4564 265.600 -27.800
2019-11-08T15:16:34.074 186.4705 021.5552 265.600 -27.700
2019-11-08T15:16:36.074 186.4890 021.6540 265.600 -27.600
2019-11-08T15:16:38.074 186.5077 021.7528 265.600 -27.500
2019-11-08T15:16:40.074 186.5263 021.8516 265.600 -27.400
2019-11-08T15:16:42.074 186.5450 021.9504 265.600 -27.300
2019-11-08T15:16:44.074 186.5637 022.0492 265.600 -27.200
2019-11-08T15:16:46.074 186.5825 022.1479 265.600 -27.100
2019-11-08T15:16:48.074 186.6013 022.2467 265.600 -27.000
2019-11-08T15:16:50.074 186.6202 022.3455 265.600 -26.900
2019-11-08T15:16:52.074 186.6391 022.4442 265.600 -26.800
2019-11-08T15:16:54.074 186.6580 022.5430 265.600 -26.700
2019-11-08T15:16:56.074 186.6770 022.6417 265.600 -26.600
2019-11-08T15:16:58.074 186.6960 022.7405 265.600 -26.500
2019-11-08T15:17:00.074 186.7151 022.8392 265.600 -26.400
2019-11-08T15:17:02.074 186.7342 022.9380 265.600 -26.300
2019-11-08T15:17:04.074 186.7534 023.0367 265.600 -26.200
2019-11-08T15:17:06.074 186.7726 023.1354 265.600 -26.100
2019-11-08T15:17:08.074 186.7918 023.2342 265.600 -26.000
2019-11-08T15:17:10.074 186.8111 023.3329 265.600 -25.900
2019-11-08T15:17:12.074 186.8304 023.4316 265.600 -25.800
2019-11-08T15:17:14.074 186.8497 023.5303 265.600 -25.700
2019-11-08T15:17:15.111 186.7601 023.5388 265.700 -25.700
2019-11-08T15:17:17.111 186.7533 023.4389 265.700 -25.800
2019-11-08T15:17:19.111 186.7504 023.3387 265.700 -25.900
2019-11-08T15:17:21.111 186.7475 023.2384 265.700 -26.000
2019-11-08T15:17:23.111 186.7446 023.1382 265.700 -26.100
2019-11-08T15:17:25.111 186.7416 023.0380 265.700 -26.200
2019-11-08T15:17:27.111 186.7387 022.9377 265.700 -26.300
2019-11-08T15:17:29.111 186.7357 022.8375 265.700 -26.400
2019-11-08T15:17:31.111 186.7328 022.7373 265.700 -26.500
2019-11-08T15:17:33.111 186.7298 022.6371 265.700 -26.600
2019-11-08T15:17:35.111 186.7268 022.5368 265.700 -26.700
2019-11-08T15:17:37.111 186.7238 022.4366 265.700 -26.800
2019-11-08T15:17:39.111 186.7208 022.3364 265.700 -26.900
2019-11-08T15:17:41.111 186.7178 022.2362 265.700 -27.000
2019-11-08T15:17:43.111 186.7148 022.1359 265.700 -27.100
2019-11-08T15:17:45.111 186.7118 022.0357 265.700 -27.200
2019-11-08T15:17:47.111 186.7087 021.9355 265.700 -27.300
2019-11-08T15:17:49.111 186.7057 021.8353 265.700 -27.400
2019-11-08T15:17:51.111 186.7026 021.7350 265.700 -27.500
2019-11-08T15:17:53.111 186.6995 021.6348 265.700 -27.600
2019-11-08T15:17:55.111 186.6964 021.5346 265.700 -27.700
2019-11-08T15:17:57.111 186.6934 021.4344 265.700 -27.800
2019-11-08T15:17:59.111 186.6903 021.3342 265.700 -27.900
2019-11-08T15:18:00.148 186.6037 021.3424 265.800 -27.900
2019-11-08T15:18:02.148 186.6187 021.4415 265.800 -27.800
2019-11-08T15:18:04.148 186.6375 021.5403 265.800 -27.700
2019-11-08T15:18:06.148 186.6563 021.6390 265.800 -27.600
2019-11-08T15:18:08.148 186.6752 021.7378 265.800 -27.500
2019-11-08T15:18:10.148 186.6942 021.8365 265.800 -27.400
2019-11-08T15:18:12.148 186.7131 021.9353 265.800 -27.300
2019-11-08T15:18:14.148 186.7321 022.0340 265.800 -27.200
2019-11-08T15:18:16.148 186.7512 022.1327 265.800 -27.100
2019-11-08T15:18:18.148 186.7702 022.2314 265.800 -27.000
2019-11-08T15:18:20.148 186.7894 022.3302 265.800 -26.900
2019-11-08T15:18:22.148 186.8085 022.4289 265.800 -26.800
2019-11-08T15:18:24.148 186.8277 022.5276 265.800 -26.700
2019-11-08T15:18:26.148 186.8470 022.6263 265.800 -26.600
2019-11-08T15:18:28.148 186.8663 022.7250 265.800 -26.500
2019-11-08T15:18:30.148 186.8856 022.8237 265.800 -26.400
2019-11-08T15:18:32.148 186.9050 022.9224 265.800 -26.300
2019-11-08T15:18:34.148 186.9244 023.0211 265.800 -26.200
2019-11-08T15:18:36.148 186.9439 023.1198 265.800 -26.100
2019-11-08T15:18:38.148 186.9634 023.2185 265.800 -26.000
2019-11-08T15:18:40.148 186.9829 023.3172 265.800 -25.900
2019-11-08T15:18:42.148 187.0025 023.4158 265.800 -25.800
2019-11-08T15:18:44.148 187.0221 023.5145 265.800 -25.700
2019-11-08T15:18:45.185 186.9326 023.5232 265.900 -25.700
2019-11-08T15:18:47.185 186.9255 023.4233 265.900 -25.800
2019-11-08T15:18:49.185 186.9223 023.3231 265.900 -25.900
2019-11-08T15:18:51.185 186.9191 023.2228 265.900 -26.000
2019-11-08T15:18:53.185 186.9159 023.1226 265.900 -26.100
2019-11-08T15:18:55.185 186.9127 023.0224 265.900 -26.200
2019-11-08T15:18:57.185 186.9095 022.9222 265.900 -26.300
2019-11-08T15:18:59.185 186.9062 022.8220 265.900 -26.400
2019-11-08T15:19:01.185 186.9030 022.7217 265.900 -26.500
2019-11-08T15:19:03.185 186.8998 022.6215 265.900 -26.600
2019-11-08T15:19:05.185 186.8965 022.5213 265.900 -26.700
2019-11-08T15:19:07.185 186.8932 022.4211 265.900 -26.800
2019-11-08T15:19:09.185 186.8900 022.3208 265.900 -26.900
2019-11-08T15:19:11.185 186.8867 022.2206 265.900 -27.000
2019-11-08T15:19:13.185 186.8834 022.1204 265.900 -27.100
2019-11-08T15:19:15.185 186.8801 022.0202 265.900 -27.200
2019-11-08T15:19:17.185 186.8768 021.9200 265.900 -27.300
2019-11-08T15:19:19.185 186.8734 021.8198 265.900 -27.400
2019-11-08T15:19:21.185 186.8701 021.7196 265.900 -27.500
2019-11-08T15:19:23.185 186.8668 021.6193 265.900 -27.600
2019-11-08T15:19:25.185 186.8634 021.5191 265.900 -27.700
2019-11-08T15:19:27.185 186.8601 021.4189 265.900 -27.800
2019-11-08T15:19:29.185 186.8567 021.3187 265.900 -27.900
2019-11-08T15:19:30.223 186.7702 021.3272 266.000 -27.900
2019-11-08T15:19:32.223 186.7854 021.4262 266.000 -27.800
2019-11-08T15:19:34.223 186.8045 021.5249 266.000 -27.700
2019-11-08T15:19:36.223 186.8236 021.6237 266.000 -27.600
2019-11-08T15:19:38.223 186.8428 021.7224 266.000 -27.500
2019-11-08T15:19:40.223 186.8619 021.8211 266.000 -27.400
2019-11-08T15:19:42.223 186.8812 021.9197 266.000 -27.300
2019-11-08T15:19:44.223 186.9004 022.0184 266.000 -27.200
2019-11-08T15:19:46.223 186.9197 022.1171 266.000 -27.100
2019-11-08T15:19:48.223 186.9391 022.2158 266.000 -27.000
2019-11-08T15:19:50.223 186.9585 022.3145 266.000 -26.900
2019-11-08T15:19:52.223 186.9779 022.4132 266.000 -26.800
2019-11-08T15:19:54.223 186.9974 022.5118 266.000 -26.700
2019-11-08T15:19:56.223 187.0169 022.6105 266.000 -26.600
2019-11-08T15:19:58.223 187.0365 022.7091 266.000 -26.500
2019-11-08T15:20:00.223 187.0561 022.8078 266.000 -26.400
2019-11-08T15:20:02.223 187.0757 022.9065 266.000 -26.300
2019-11-08T15:20:04.223 187.0954 023.0051 266.000 -26.200
2019-11-08T15:20:06.223 187.1151 023.1037 266.000 -26.100
2019-11-08T15:20:08.223 187.1349 023.2024 266.000 -26.000
2019-11-08T15:20:10.223 187.1547 023.3010 266.000 -25.900
2019-11-08T15:20:12.223 187.1746 023.3996 266.000 -25.800
2019-11-08T15:20:14.223 187.1945 023.4983 266.000 -25.700
2019-11-08T15:20:15.260 187.1049 023.5071 266.100 -25.700
2019-11-08T15:20:17.260 187.0975 023.4073 266.100 -25.800
2019-11-08T15:20:19.260 187.0941 023.3071 266.100 -25.900
2019-11-08T15:20:21.260 187.0906 023.2069 266.100 -26.000
2019-11-08T15:20:23.260 187.0871 023.1066 266.100 -26.100
2019-11-08T15:20:25.260 187.0837 023.0064 266.100 -26.200
2019-11-08T15:20:27.260 187.0802 022.9062 266.100 -26.300
2019-11-08T15:20:29.260 187.0767 022.8060 266.100 -26.400
2019-11-08T15:20:31.260 187.0732 022.7058 266.100 -26.500
2019-11-08T15:20:33.260 187.0696 022.6056 266.100 -26.600
2019-11-08T15:20:35.260 187.0661 022.5053 266.100 -26.700
2019-11-08T15:20:37.260 187.0626 022.4051 266.100 -26.800
2019-11-08T15:20:39.260 187.0590 022.3049 266.100 -26.900
2019-11-08T15:20:41.260 187.0555 022.2047 266.100 -27.000
2019-11-08T15:20:43.260 187.0519 022.1045 266.100 -27.100
2019-11-08T15:20:45.260 187.0483 022.0043 266.100 -27.200
2019-11-08T15:20:47.260 187.0448 021.9041 266.100 -27.300
2019-11-08T15:20:49.260 187.0412 021.8039 266.100 -27.400
2019-11-08T15:20:51.260 187.0376 021.7037 266.100 -27.500
2019-11-08T15:20:53.260 187.0340 021.6035 266.100 -27.600
2019-11-08T15:20:55.260 187.0303 021.5033 266.100 -27.700
2019-11-08T15:20:57.260 187.0267 021.4031 266.100 -27.800
2019-11-08T15:20:59.260 187.0231 021.3029 266.100 -27.900
2019-11-08T15:21:00.297 186.9366 021.3115 266.200 -27.900
2019-11-08T15:21:02.297 186.9521 021.4106 266.200 -27.800
2019-11-08T15:21:04.297 186.9714 021.5092 266.200 -27.700
2019-11-08T15:21:06.297 186.9908 021.6079 266.200 -27.600
2019-11-08T15:21:08.297 187.0102 021.7065 266.200 -27.500
2019-11-08T15:21:10.297 187.0297 021.8052 266.200 -27.400
2019-11-08T15:21:12.297 187.0492 021.9038 266.200 -27.300
2019-11-08T15:21:14.297 187.0687 022.0025 266.200 -27.200
2019-11-08T15:21:16.297 187.0883 022.1011 266.200 -27.100
2019-11-08T15:21:18.297 187.1079 022.1998 266.200 -27.000
2019-11-08T15:21:20.297 187.1275 022.2984 266.200 -26.900
2019-11-08T15:21:22.297 187.1472 022.3970 266.200 -26.800
2019-11-08T15:21:24.297 187.1670 022.4956 266.200 -26.700
2019-11-08T15:21:26.297 187.1868 022.5943 266.200 -26.600
2019-11-08T15:21:28.297 187.2066 022.6929 266.200 -26.500
2019-11-08T15:21:30.297 187.2264 022.7915 266.200 -26.400
2019-11-08T15:21:32.297 187.2464 022.8901 266.200 -26.300
2019-11-08T15:21:34.297 187.2663 022.9887 266.200 -26.200
2019-11-08T15:21:36.297 187.2863 023.0873 266.200 -26.100
2019-11-08T15:21:38.297 187.3063 023.1859 266.200 -26.000
2019-11-08T15:21:40.297 187.3264 023.2845 266.200 -25.900
2019-11-08T15:21:42.297 187.3466 023.3831 266.200 -25.800
2019-11-08T15:21:44.297 187.3667 023.4816 266.200 -25.700
2019-11-08T15:21:45.334 187.2772 023.4907 266.300 -25.700
2019-11-08T15:21:47.334 187.2696 023.3909 266.300 -25.800
2019-11-08T15:21:49.334 187.2658 023.2907 266.300 -25.900
2019-11-08T15:21:51.334 187.2621 023.1905 266.300 -26.000
2019-11-08T15:21:53.334 187.2583 023.0903 266.300 -26.100
2019-11-08T15:21:55.334 187.2546 022.9900 266.300 -26.200
2019-11-08T15:21:57.334 187.2508 022.8898 266.300 -26.300
2019-11-08T15:21:59.334 187.2470 022.7896 266.300 -26.400
2019-11-08T15:22:01.334 187.2433 022.6894 266.300 -26.500
2019-11-08T15:22:03.334 187.2395 022.5892 266.300 -26.600
2019-11-08T15:22:05.334 187.2357 022.4890 266.300 -26.700
2019-11-08T15:22:07.334 187.2319 022.3888 266.300 -26.800
2019-11-08T15:22:09.334 187.2280 022.2886 266.300 -26.900
2019-11-08T15:22:11.334 187.2242 022.1884 266.300 -27.000
2019-11-08T15:22:13.334 187.2204 022.0882 266.300 -27.100
2019-11-08T15:22:15.334 187.2165 021.9880 266.300 -27.200
2019-11-08T15:22:17.334 187.2127 021.8878 266.300 -27.300
2019-11-08T15:22:19.334 187.2088 021.7876 266.300 -27.400
2019-11-08T15:22:21.334 187.2050 021.6874 266.300 -27.500
2019-11-08T15:22:23.334 187.2011 021.5872 266.300 -27.600
2019-11-08T15:22:25.334 187.1972 021.4870 266.300 -27.700
2019-11-08T15:22:27.334 187.1933 021.3868 266.300 -27.800
2019-11-08T15:22:29.334 187.1894 021.2866 266.300 -27.900
2019-11-08T15:22:30.371 187.1030 021.2955 266.400 -27.900
2019-11-08T15:22:32.371 187.1187 021.3945 266.400 -27.800
2019-11-08T15:22:34.371 187.1383 021.4931 266.400 -27.700
2019-11-08T15:22:36.371 187.1579 021.5917 266.400 -27.600
2019-11-08T15:22:38.371 187.1776 021.6903 266.400 -27.500
2019-11-08T15:22:40.371 187.1973 021.7889 266.400 -27.400
2019-11-08T15:22:42.371 187.2171 021.8876 266.400 -27.300
2019-11-08T15:22:44.371 187.2369 021.9862 266.400 -27.200
2019-11-08T15:22:46.371 187.2567 022.0847 266.400 -27.100
2019-11-08T15:22:48.371 187.2766 022.1833 266.400 -27.000
2019-11-08T15:22:50.371 187.2965 022.2819 266.400 -26.900
2019-11-08T15:22:52.371 187.3165 022.3805 266.400 -26.800
2019-11-08T15:22:54.371 187.3365 022.4791 266.400 -26.700
2019-11-08T15:22:56.371 187.3565 022.5776 266.400 -26.600
2019-11-08T15:22:58.371 187.3766 022.6762 266.400 -26.500
2019-11-08T15:23:00.371 187.3968 022.7748 266.400 -26.400
2019-11-08T15:23:02.371 187.4169 022.8733 266.400 -26.300
2019-11-08T15:23:04.371 187.4372 022.9719 266.400 -26.200
2019-11-08T15:23:06.371 187.4574 023.0704 266.400 -26.100
2019-11-08T15:23:08.371 187.4777 023.1690 266.400 -26.000
2019-11-08T15:23:10.371 187.4981 023.2675 266.400 -25.900
2019-11-08T15:23:12.371 187.5185 023.3661 266.400 -25.800
2019-11-08T15:23:14.371 187.5389 023.4646 266.400 -25.700
2019-11-08T15:23:15.408 187.4495 023.4739 266.500 -25.700
2019-11-08T15:23:17.408 187.4415 023.3741 266.500 -25.800
2019-11-08T15:23:19.408 187.4375 023.2739 266.500 -25.900
2019-11-08T15:23:21.408 187.4335 023.1737 266.500 -26.000
2019-11-08T15:23:23.408 187.4295 023.0735 266.500 -26.100
2019-11-08T15:23:25.408 187.4255 022.9733 266.500 -26.200
2019-11-08T15:23:27.408 187.4214 022.8731 266.500 -26.300
2019-11-08T15:23:29.408 187.4174 022.7729 266.500 -26.400
2019-11-08T15:23:31.408 187.4133 022.6727 266.500 -26.500
2019-11-08T15:23:33.408 187.4092 022.5725 266.500 -26.600
2019-11-08T15:23:35.408 187.4052 022.4723 266.500 -26.700
2019-11-08T15:23:37.408 187.4011 022.3721 266.500 -26.800
2019-11-08T15:23:39.408 187.3970 022.2719 266.500 -26.900
2019-11-08T15:23:41.408 187.3929 022.1717 266.500 -27.000
2019-11-08T15:23:43.408 187.3888 022.0715 266.500 -27.100
2019-11-08T15:23:45.408 187.3847 021.9713 266.500 -27.200
2019-11-08T15:23:47.408 187.3806 021.8711 266.500 -27.300
2019-11-08T15:23:49.408 187.3764 021.7709 266.500 -27.400
2019-11-08T15:23:51.408 187.3723 021.6708 266.500 -27.500
2019-11-08T15:23:53.408 187.3681 021.5706 266.500 -27.600
2019-11-08T15:23:55.408 187.3640 021.4704 266.500 -27.700
2019-11-08T15:23:57.408 187.3598 021.3702 266.500 -27.800
2019-11-08T15:23:59.408 187.3556 021.2700 266.500 -27.900
2019-11-08T15:24:00.445 187.2693 021.2791 266.600 -27.900
2019-11-08T15:24:02.445 187.2853 021.3780 266.600 -27.800
2019-11-08T15:24:04.445 187.3051 021.4766 266.600 -27.700
2019-11-08T15:24:06.445 187.3250 021.5752 266.600 -27.600
2019-11-08T15:24:08.445 187.3450 021.6738 266.600 -27.500
2019-11-08T15:24:10.445 187.3649 021.7723 266.600 -27.400
2019-11-08T15:24:12.445 187.3849 021.8709 266.600 -27.300
2019-11-08T15:24:14.445 187.4050 021.9694 266.600 -27.200
2019-11-08T15:24:16.445 187.4251 022.0680 266.600 -27.100
2019-11-08T15:24:18.445 187.4453 022.1665 266.600 -27.000
2019-11-08T15:24:20.445 187.4654 022.2651 266.600 -26.900
2019-11-08T15:24:22.445 187.4857 022.3636 266.600 -26.800
2019-11-08T15:24:24.445 187.5059 022.4621 266.600 -26.700
2019-11-08T15:24:26.445 187.5263 022.5606 266.600 -26.600
2019-11-08T15:24:28.445 187.5466 022.6592 266.600 -26.500
2019-11-08T15:24:30.445 187.5670 022.7577 266.600 -26.400
2019-11-08T15:24:32.445 187.5875 022.8562 266.600 -26.300
2019-11-08T15:24:34.445 187.6080 022.9547 266.600 -26.200
2019-11-08T15:24:36.445 187.6285 023.0532 266.600 -26.100
2019-11-08T15:24:38.445 187.6491 023.1517 266.600 -26.000
2019-11-08T15:24:40.445 187.6697 023.2502 266.600 -25.900
2019-11-08T15:24:42.445 187.6903 023.3487 266.600 -25.800
2019-11-08T15:24:44.445 187.7111 023.4472 266.600 -25.700
2019-11-08T15:24:45.482 187.6216 023.4567 266.700 -25.700
2019-11-08T15:24:47.482 187.6134 023.3569 266.700 -25.800
2019-11-08T15:24:49.482 187.6091 023.2567 266.700 -25.900
2019-11-08T15:24:51.482 187.6048 023.1565 266.700 -26.000
2019-11-08T15:24:53.482 187.6005 023.0563 266.700 -26.100
2019-11-08T15:24:55.482 187.5962 022.9561 266.700 -26.200
2019-11-08T15:24:57.482 187.5919 022.8559 266.700 -26.300
2019-11-08T15:24:59.482 187.5876 022.7557 266.700 -26.400
2019-11-08T15:25:01.482 187.5833 022.6555 266.700 -26.500
2019-11-08T15:25:03.482 187.5789 022.5554 266.700 -26.600
2019-11-08T15:25:05.482 187.5746 022.4552 266.700 -26.700
2019-11-08T15:25:07.482 187.5702 022.3550 266.700 -26.800
2019-11-08T15:25:09.482 187.5659 022.2548 266.700 -26.900
2019-11-08T15:25:11.482 187.5615 022.1546 266.700 -27.000
2019-11-08T15:25:13.482 187.5571 022.0544 266.700 -27.100
2019-11-08T15:25:15.482 187.5528 021.9543 266.700 -27.200
2019-11-08T15:25:17.482 187.5484 021.8541 266.700 -27.300
2019-11-08T15:25:19.482 187.5440 021.7539 266.700 -27.400
2019-11-08T15:25:21.482 187.5395 021.6537 266.700 -27.500
2019-11-08T15:25:23.482 187.5351 021.5535 266.700 -27.600
2019-11-08T15:25:25.482 187.5307 021.4534 266.700 -27.700
2019-11-08T15:25:27.482 187.5263 021.3532 266.700 -27.800
2019-11-08T15:25:29.482 187.5218 021.2530 266.700 -27.900
2019-11-08T15:25:30.519 187.4355 021.2623 266.800 -27.900
2019-11-08T15:25:32.519 187.4518 021.3612 266.800 -27.800
2019-11-08T15:25:34.519 187.4719 021.4597 266.800 -27.700
2019-11-08T15:25:36.519 187.4920 021.5583 266.800 -27.600
2019-11-08T15:25:38.519 187.5122 021.6568 266.800 -27.500
2019-11-08T15:25:40.519 187.5325 021.7553 266.800 -27.400
2019-11-08T15:25:42.519 187.5528 021.8538 266.800 -27.300
2019-11-08T15:25:44.519 187.5731 021.9523 266.800 -27.200
2019-11-08T15:25:46.519 187.5934 022.0508 266.800 -27.100
2019-11-08T15:25:48.519 187.6138 022.1493 266.800 -27.000
2019-11-08T15:25:50.519 187.6343 022.2478 266.800 -26.900
2019-11-08T15:25:52.519 187.6548 022.3463 266.800 -26.800
2019-11-08T15:25:54.519 187.6753 022.4448 266.800 -26.700
2019-11-08T15:25:56.519 187.6959 022.5432 266.800 -26.600
2019-11-08T15:25:58.519 187.7165 022.6417 266.800 -26.500
2019-11-08T15:26:00.519 187.7372 022.7402 266.800 -26.400
2019-11-08T15:26:02.519 187.7579 022.8386 266.800 -26.300
2019-11-08T15:26:04.519 187.7787 022.9371 266.800 -26.200
2019-11-08T15:26:06.519 187.7995 023.0356 266.800 -26.100
2019-11-08T15:26:08.519 187.8203 023.1340 266.800 -26.000
2019-11-08T15:26:10.519 187.8412 023.2325 266.800 -25.900
2019-11-08T15:26:12.519 187.8621 023.3309 266.800 -25.800
2019-11-08T15:26:14.519 187.8831 023.4293 266.800 -25.700
2019-11-08T15:26:15.556 187.7937 023.4390 266.900 -25.700
2019-11-08T15:26:17.556 187.7852 023.3393 266.900 -25.800
2019-11-08T15:26:19.556 187.7807 023.2391 266.900 -25.900
2019-11-08T15:26:21.556 187.7761 023.1389 266.900 -26.000
2019-11-08T15:26:23.556 187.7715 023.0387 266.900 -26.100
2019-11-08T15:26:25.556 187.7670 022.9385 266.900 -26.200
2019-11-08T15:26:27.556 187.7624 022.8384 266.900 -26.300
2019-11-08T15:26:29.556 187.7578 022.7382 266.900 -26.400
2019-11-08T15:26:31.556 187.7532 022.6380 266.900 -26.500
2019-11-08T15:26:33.556 187.7486 022.5378 266.900 -26.600
2019-11-08T15:26:35.556 187.7440 022.4377 266.900 -26.700
2019-11-08T15:26:37.556 187.7393 022.3375 266.900 -26.800
2019-11-08T15:26:39.556 187.7347 022.2373 266.900 -26.900
2019-11-08T15:26:41.556 187.7301 022.1371 266.900 -27.000
2019-11-08T15:26:43.556 187.7254 022.0370 266.900 -27.100
2019-11-08T15:26:45.556 187.7208 021.9368 266.900 -27.200
2019-11-08T15:26:47.556 187.7161 021.8366 266.900 -27.300
2019-11-08T15:26:49.556 187.7114 021.7365 266.900 -27.400
2019-11-08T15:26:51.556 187.7067 021.6363 266.900 -27.500
2019-11-08T15:26:53.556 187.7021 021.5361 266.900 -27.600
2019-11-08T15:26:55.556 187.6974 021.4360 266.900 -27.700
2019-11-08T15:26:57.556 187.6927 021.3358 266.900 -27.800
2019-11-08T15:26:59.556 187.6880 021.2356 266.900 -27.900
2019-11-08T15:27:00.593 187.6016 021.2451 267.000 -27.900
2019-11-08T15:27:02.593 187.6182 021.3440 267.000 -27.800
2019-11-08T15:27:04.593 187.6386 021.4425 267.000 -27.700
2019-11-08T15:27:06.593 187.6590 021.5409 267.000 -27.600
2019-11-08T15:27:08.593 187.6794 021.6394 267.000 -27.500
2019-11-08T15:27:10.593 187.6999 021.7379 267.000 -27.400
2019-11-08T15:27:12.593 187.7205 021.8363 267.000 -27.300
2019-11-08T15:27:14.593 187.7411 021.9348 267.000 -27.200
2019-11-08T15:27:16.593 187.7617 022.0332 267.000 -27.100
2019-11-08T15:27:18.593 187.7824 022.1317 267.000 -27.000
2019-11-08T15:27:20.593 187.8031 022.2301 267.000 -26.900
2019-11-08T15:27:22.593 187.8239 022.3286 267.000 -26.800
2019-11-08T15:27:24.593 187.8447 022.4270 267.000 -26.700
2019-11-08T15:27:26.593 187.8655 022.5254 267.000 -26.600
2019-11-08T15:27:28.593 187.8864 022.6239 267.000 -26.500
2019-11-08T15:27:30.593 187.9073 022.7223 267.000 -26.400
2019-11-08T15:27:32.593 187.9283 022.8207 267.000 -26.300
2019-11-08T15:27:34.593 187.9493 022.9191 267.000 -26.200
2019-11-08T15:27:36.593 187.9704 023.0175 267.000 -26.100
2019-11-08T15:27:38.593 187.9915 023.1159 267.000 -26.000
2019-11-08T15:27:40.593 188.0127 023.2143 267.000 -25.900
2019-11-08T15:27:42.593 188.0339 023.3127 267.000 -25.800
2019-11-08T15:27:44.593 188.0551 023.4111 267.000 -25.700
2019-11-08T15:27:45.631 187.9658 023.4210 267.100 -25.700
2019-11-08T15:27:47.631 187.9570 023.3213 267.100 -25.800
2019-11-08T15:27:49.631 187.9522 023.2211 267.100 -25.900
2019-11-08T15:27:51.631 187.9473 023.1209 267.100 -26.000
2019-11-08T15:27:53.631 187.9425 023.0207 267.100 -26.100
2019-11-08T15:27:55.631 187.9376 022.9206 267.100 -26.200
2019-11-08T15:27:57.631 187.9328 022.8204 267.100 -26.300
2019-11-08T15:27:59.631 187.9279 022.7202 267.100 -26.400
2019-11-08T15:28:01.631 187.9230 022.6201 267.100 -26.500
2019-11-08T15:28:03.631 187.9181 022.5199 267.100 -26.600
2019-11-08T15:28:05.631 187.9132 022.4197 267.100 -26.700
2019-11-08T15:28:07.631 187.9084 022.3196 267.100 -26.800
2019-11-08T15:28:09.631 187.9034 022.2194 267.100 -26.900
2019-11-08T15:28:11.631 187.8985 022.1193 267.100 -27.000
2019-11-08T15:28:13.631 187.8936 022.0191 267.100 -27.100
2019-11-08T15:28:15.631 187.8887 021.9189 267.100 -27.200
2019-11-08T15:28:17.631 187.8838 021.8188 267.100 -27.300
2019-11-08T15:28:19.631 187.8788 021.7186 267.100 -27.400
2019-11-08T15:28:21.631 187.8739 021.6185 267.100 -27.500
2019-11-08T15:28:23.631 187.8689 021.5183 267.100 -27.600
2019-11-08T15:28:25.631 187.8640 021.4182 267.100 -27.700
2019-11-08T15:28:27.631 187.8590 021.3180 267.100 -27.800
2019-11-08T15:28:29.631 187.8540 021.2179 267.100 -27.900
2019-11-08T15:28:30.668 187.7677 021.2275 267.200 -27.900
2019-11-08T15:28:32.668 187.7846 021.3264 267.200 -27.800
2019-11-08T15:28:34.668 187.8052 021.4248 267.200 -27.700
2019-11-08T15:28:36.668 187.8259 021.5232 267.200 -27.600
2019-11-08T15:28:38.668 187.8466 021.6217 267.200 -27.500
2019-11-08T15:28:40.668 187.8674 021.7201 267.200 -27.400
2019-11-08T15:28:42.668 187.8882 021.8185 267.200 -27.300
2019-11-08T15:28:44.668 187.9090 021.9169 267.200 -27.200
2019-11-08T15:28:46.668 187.9299 022.0153 267.200 -27.100
2019-11-08T15:28:48.668 187.9508 022.1137 267.200 -27.000
2019-11-08T15:28:50.668 187.9718 022.2121 267.200 -26.900
2019-11-08T15:28:52.668 187.9928 022.3105 267.200 -26.800
2019-11-08T15:28:54.668 188.0139 022.4089 267.200 -26.700
2019-11-08T15:28:56.668 188.0350 022.5073 267.200 -26.600
2019-11-08T15:28:58.668 188.0562 022.6056 267.200 -26.500
2019-11-08T15:29:00.668 188.0774 022.7040 267.200 -26.400
2019-11-08T15:29:02.668 188.0986 022.8024 267.200 -26.300
2019-11-08T15:29:04.668 188.1199 022.9007 267.200 -26.200
2019-11-08T15:29:06.668 188.1412 022.9991 267.200 -26.100
2019-11-08T15:29:08.668 188.1626 023.0974 267.200 -26.000
2019-11-08T15:29:10.668 188.1840 023.1958 267.200 -25.900
2019-11-08T15:29:12.668 188.2055 023.2941 267.200 -25.800
2019-11-08T15:29:14.668 188.2270 023.3925 267.200 -25.700
2019-11-08T15:29:15.705 188.1377 023.4026 267.300 -25.700
2019-11-08T15:29:17.705 188.1287 023.3029 267.300 -25.800
2019-11-08T15:29:19.705 188.1236 023.2027 267.300 -25.900
2019-11-08T15:29:21.705 188.1185 023.1025 267.300 -26.000
2019-11-08T15:29:23.705 188.1133 023.0024 267.300 -26.100
2019-11-08T15:29:25.705 188.1082 022.9022 267.300 -26.200
2019-11-08T15:29:27.705 188.1031 022.8021 267.300 -26.300
2019-11-08T15:29:29.705 188.0979 022.7019 267.300 -26.400
2019-11-08T15:29:31.705 188.0928 022.6017 267.300 -26.500
2019-11-08T15:29:33.705 188.0876 022.5016 267.300 -26.600
2019-11-08T15:29:35.705 188.0825 022.4014 267.300 -26.700
2019-11-08T15:29:37.705 188.0773 022.3013 267.300 -26.800
2019-11-08T15:29:39.705 188.0721 022.2011 267.300 -26.900
2019-11-08T15:29:41.705 188.0669 022.1010 267.300 -27.000
2019-11-08T15:29:43.705 188.0618 022.0008 267.300 -27.100
2019-11-08T15:29:45.705 188.0566 021.9007 267.300 -27.200
2019-11-08T15:29:47.705 188.0514 021.8005 267.300 -27.300
2019-11-08T15:29:49.705 188.0462 021.7004 267.300 -27.400
2019-11-08T15:29:51.705 188.0409 021.6003 267.300 -27.500
2019-11-08T15:29:53.705 188.0357 021.5001 267.300 -27.600
2019-11-08T15:29:55.705 188.0305 021.4000 267.300 -27.700
2019-11-08T15:29:57.705 188.0253 021.2998 267.300 -27.800
2019-11-08T15:29:59.705 188.0200 021.1997 267.300 -27.900
2019-11-08T15:30:00.742 187.9338 021.2096 267.400 -27.900
2019-11-08T15:30:02.742 187.9508 021.3084 267.400 -27.800
2019-11-08T15:30:04.742 187.9717 021.4068 267.400 -27.700
2019-11-08T15:30:06.742 187.9927 021.5051 267.400 -27.600
2019-11-08T15:30:08.742 188.0137 021.6035 267.400 -27.500
2019-11-08T15:30:10.742 188.0347 021.7019 267.400 -27.400
2019-11-08T15:30:12.742 188.0558 021.8002 267.400 -27.300
2019-11-08T15:30:14.742 188.0769 021.8986 267.400 -27.200
2019-11-08T15:30:16.742 188.0980 021.9970 267.400 -27.100
2019-11-08T15:30:18.742 188.1192 022.0953 267.400 -27.000
2019-11-08T15:30:20.742 188.1405 022.1937 267.400 -26.900
2019-11-08T15:30:22.742 188.1618 022.2920 267.400 -26.800
2019-11-08T15:30:24.742 188.1831 022.3903 267.400 -26.700
2019-11-08T15:30:26.742 188.2045 022.4887 267.400 -26.600
2019-11-08T15:30:28.742 188.2259 022.5870 267.400 -26.500
2019-11-08T15:30:30.742 188.2473 022.6853 267.400 -26.400
2019-11-08T15:30:32.742 188.2688 022.7836 267.400 -26.300
2019-11-08T15:30:34.742 188.2904 022.8819 267.400 -26.200
2019-11-08T15:30:36.742 188.3120 022.9803 267.400 -26.100
2019-11-08T15:30:38.742 188.3336 023.0786 267.400 -26.000
2019-11-08T15:30:40.742 188.3553 023.1769 267.400 -25.900
2019-11-08T15:30:42.742 188.3771 023.2751 267.400 -25.800
2019-11-08T15:30:44.742 188.3988 023.3734 267.400 -25.700
2019-11-08T15:30:45.779 188.3096 023.3838 267.500 -25.700
2019-11-08T15:30:47.779 188.3003 023.2840 267.500 -25.800
2019-11-08T15:30:49.779 188.2949 023.1839 267.500 -25.900
2019-11-08T15:30:51.779 188.2895 023.0838 267.500 -26.000
2019-11-08T15:30:53.779 188.2841 022.9836 267.500 -26.100
2019-11-08T15:30:55.779 188.2787 022.8835 267.500 -26.200
2019-11-08T15:30:57.779 188.2733 022.7833 267.500 -26.300
2019-11-08T15:30:59.779 188.2679 022.6832 267.500 -26.400
2019-11-08T15:31:01.779 188.2625 022.5830 267.500 -26.500
2019-11-08T15:31:03.779 188.2571 022.4829 267.500 -26.600
2019-11-08T15:31:05.779 188.2516 022.3828 267.500 -26.700
2019-11-08T15:31:07.779 188.2462 022.2826 267.500 -26.800
2019-11-08T15:31:09.779 188.2407 022.1825 267.500 -26.900
2019-11-08T15:31:11.779 188.2353 022.0823 267.500 -27.000
2019-11-08T15:31:13.779 188.2298 021.9822 267.500 -27.100
2019-11-08T15:31:15.779 188.2244 021.8821 267.500 -27.200
2019-11-08T15:31:17.779 188.2189 021.7819 267.500 -27.300
2019-11-08T15:31:19.779 188.2134 021.6818 267.500 -27.400
2019-11-08T15:31:21.779 188.2079 021.5817 267.500 -27.500
2019-11-08T15:31:23.779 188.2024 021.4815 267.500 -27.600
2019-11-08T15:31:25.779 188.1970 021.3814 267.500 -27.700
2019-11-08T15:31:27.779 188.1914 021.2813 267.500 -27.800
2019-11-08T15:31:29.779 188.1859 021.1811 267.500 -27.900
2019-11-08T15:31:30.816 188.0997 021.1912 267.600 -27.900
2019-11-08T15:31:32.816 188.1171 021.2900 267.600 -27.800
2019-11-08T15:31:34.816 188.1382 021.3883 267.600 -27.700
2019-11-08T15:31:36.816 188.1594 021.4867 267.600 -27.600
2019-11-08T15:31:38.816 188.1807 021.5850 267.600 -27.500
2019-11-08T15:31:40.816 188.2020 021.6833 267.600 -27.400
2019-11-08T15:31:42.816 188.2233 021.7816 267.600 -27.300
2019-11-08T15:31:44.816 188.2447 021.8799 267.600 -27.200
2019-11-08T15:31:46.816 188.2661 021.9782 267.600 -27.100
2019-11-08T15:31:48.816 188.2875 022.0765 267.600 -27.000
2019-11-08T15:31:50.816 188.3090 022.1748 267.600 -26.900
2019-11-08T15:31:52.816 188.3306 022.2731 267.600 -26.800
2019-11-08T15:31:54.816 188.3522 022.3714 267.600 -26.700
2019-11-08T15:31:56.816 188.3738 022.4697 267.600 -26.600
2019-11-08T15:31:58.816 188.3955 022.5680 267.600 -26.500
2019-11-08T15:32:00.816 188.4172 022.6662 267.600 -26.400
2019-11-08T15:32:02.816 188.4390 022.7645 267.600 -26.300
2019-11-08T15:32:04.816 188.4608 022.8628 267.600 -26.200
2019-11-08T15:32:06.816 188.4827 022.9610 267.600 -26.100
2019-11-08T15:32:08.816 188.5046 023.0593 267.600 -26.000
2019-11-08T15:32:10.816 188.5266 023.1575 267.600 -25.900
2019-11-08T15:32:12.816 188.5486 023.2558 267.600 -25.800
2019-11-08T15:32:14.816 188.5706 023.3540 267.600 -25.700
