[0;1;30;47m.[0;5;37;40mX%[0;5;33;40m      :.;[0;5;35;40mt[0;5;33;40mt. .::..;;[0;5;35;40m%[0;5;33;40mS[0;5;35;40m:[0;5;33;40m;:;. [0;1;30;47m@X[0;33;47m8[0;1;30;47m@[0;5;37;40m8[0;5;33;40m:[0;5;37;40m8[0;5;33;40m [0;1;30;47m8[0;5;33;40m%.;::..:;[0;5;35;40m:[0m
[0;5;33;40m [0;33;47m8[0;1;33;47mSX%[0;1;37;47m.[0;1;33;47mS[0;1;37;47m;[0;1;33;47mX[0;1;37;47mt[0;1;33;47mS%[0;1;37;47m [0;1;33;47mS[0;5;37;47m8[0;1;33;47mS[0;1;37;47m;[0;1;33;47mS[0;5;37;47m8[0;1;33;47mS[0;5;37;47m8[0;1;33;47mS[0;1;37;47m%[0;1;33;47mS[0;1;37;47mX8[0;1;33;47mS[0;5;37;47m8[0;1;37;47m@[0;5;37;47m8[0;5;37;43m8[0;5;37;47m8[0;1;33;47mS[0;5;37;47m8[0;5;37;43m8[0;5;37;47m88[0;5;37;43m8[0;5;37;47m@[0;1;37;47m8[0;5;37;47m8[0;1;33;47mX[0;5;37;47m8[0;1;37;47m@8[0;1;33;47mS[0;1;37;47m8[0;1;33;47mX[0;33;47m@[0;5;35;40mS[0m
[0;1;30;47m@[0;1;33;47m@[0;1;37;47m   [0;5;37;47m8[0;1;37;47mX[0;1;33;47mS[0;5;37;47m8[0;1;37;47m;[0;5;37;47m8[0;1;37;47m.[0;5;37;47m8[0;1;37;47m%[0;5;37;47m8[0;1;33;47mS[0;1;37;47m;;%%[0;1;33;47mX[0;5;37;47m8[0;1;33;47mS[0;5;37;47m8[0;1;37;47mX[0;1;33;47mS[0;5;37;47m8[0;1;37;47m%[0;5;37;43m8[0;5;37;47m8[0;1;37;47m:[0;5;37;47mX8[0;1;37;47m@[0;5;37;47m8[0;1;37;47mX8[0;5;37;47m88[0;5;37;43m8[0;5;37;47m88[0;1;37;47m8[0;5;37;43m8[0;5;37;47m88[0;1;37;47m%%[0;1;33;47m@[0;5;31;40m@[0m
[0;1;30;47m8[0;1;33;47mX[0;1;37;47m:[0;5;37;47m8[0;1;33;47mX[0;1;37;47mt[0;5;37;47m8[0;1;33;47mS[0;5;37;47m8[0;1;33;47mX[0;1;37;47m;[0;1;33;47mS[0;5;37;47m8[0;5;37;43m8[0;5;37;47m8[0;1;37;47m;[0;5;37;47m8[0;5;1;33;41m8[0;1;37;47m [0;1;31;47m8X[0;1;33;47mS[0;5;37;41m8[0;1;33;47m%[0;5;37;47m8[0;1;33;47mX[0;1;31;47mX[0;1;37;47m [0;1;31;47mSS[0;1;33;47mS[0;5;37;47m8[0;1;37;47m@[0;1;33;47mX[0;5;37;47m8[0;1;33;47mS[0;5;37;47m8[0;1;33;47mS[0;5;37;47m88[0;1;37;47m@[0;1;33;47mS[0;5;37;47m8[0;1;37;47mSX8[0;1;33;47mX[0;5;37;47m8[0;5;37;43m8[0;5;37;40mt[0m
[0;5;37;40m@[0;1;33;47m@[0;1;37;47m.;[0;5;37;47m8[0;5;37;43m8[0;5;37;47m8[0;1;33;47m%8888[0;1;37;47m [0;5;37;47m8[0;1;37;47m:[0;5;37;47m8[0;1;37;47mS[0;5;37;47m888888[0;1;37;47mt[0;5;37;47m8[0;1;37;47m %[0;5;37;47m88[0;33;47m8[0;5;33;41mX[0;1;33;47mS[0;5;37;47mS888[0;1;37;47m8[0;5;37;47mX8[0;1;37;47m8[0;5;37;47m888[0;1;37;47m8[0;5;37;43m8[0;5;37;47m8[0;1;37;47m@%[0;5;1;33;47m8[0;5;35;40m:[0m
[0;5;33;40m [0;1;33;47m@[0;5;37;47m8[0;5;37;43m8[0;5;37;47m8[0;1;37;47m [0;5;37;47m8[0;1;33;47m%[0;5;37;41m8[0;1;33;47m@[0;5;35;41mS[0;1;33;47m@[0;1;37;47m [0;5;37;47m8[0;5;37;43m8[0;5;37;47m8[0;1;33;47mX[0;5;37;47m8[0;1;37;47m@[0;5;1;33;47m8[0;1;37;47mt[0;5;37;47m8[0;1;37;47mX[0;5;37;47m8[0;5;1;33;47m8[0;33;47m8[0;1;31;43m8[0;1;30;43m8[0;31;43mS[0;5;33;40m:[0;33;47mS[0;1;37;47mX[0;5;37;47m8[0;5;1;33;47m8[0;1;37;47m@[0;5;37;43m88[0;1;37;47mS[0;5;37;43m8[0;1;33;47mS[0;5;37;43m8[0;1;37;47m%[0;5;37;47m8[0;1;37;47m8[0;5;37;47m8[0;1;37;47m88[0;5;37;43m8[0;5;37;47m8[0;31;43m8[0m
[0;5;33;40m [0;1;33;47m8[0;1;37;47m [0;5;37;47m8[0;1;37;47m [0;5;37;47m8[0;5;37;43m8[0;1;33;47mX@[0;5;37;41m8[0;33;47m8[0;5;33;41m [0;5;37;47mS8[0;1;37;47mt[0;5;37;47m8[0;1;37;47m%[0;5;1;37;43m8[0;5;37;47m888[0;5;1;33;47m8[0;1;37;47mS[0;5;37;47m88[0;1;37;47m;[0;1;30;43m88[0;1;30;47m8[0;33;47m8[0;1;30;43m8[0;31;43m@[0;1;30;43m8[0;5;37;47mX8[0;5;37;43m8[0;1;33;47mS[0;5;37;43m8[0;1;37;47m [0;5;37;43m8[0;1;37;47m [0;5;37;43m88[0;1;33;47mS[0;5;37;47m8888[0;5;37;43m8[0;1;30;45m8[0m
[0;5;37;40m8[0;1;33;47m@[0;1;37;47m ;[0;5;1;33;47m8[0;1;37;47m [0;5;37;41m8[0;1;33;47m@[0;5;37;41m8[0;1;33;47m@888[0;5;37;47m88[0;5;1;33;47m8[0;1;37;47m;[0;5;37;47m888[0;5;37;43m8[0;1;37;47m;[0;5;37;43m88[0;5;1;37;43m8[0;5;37;47m8[0;1;33;47mX[0;5;37;47m8[0;1;33;47mX[0;33;47m8[0;5;33;40mS;[0;37;43m@[0;5;37;47m8888[0;5;37;43m8[0;1;31;47mS[0;1;33;47mS[0;5;1;37;43m8[0;1;35;47m%[0;5;37;43m8[0;1;37;47m [0;5;37;43m8[0;1;37;47mt[0;5;1;33;47m8[0;5;37;47m8[0;1;33;47m%[0;1;30;43m8[0m
[0;5;37;40m8[0;1;33;47m@[0;5;37;47m8[0;1;33;47mS[0;5;37;47m8[0;1;33;47mS8%[0;37;43m8[0;5;35;40mS[0;1;33;47m88SXS[0;5;37;47m888[0;5;1;37;43m8[0;5;37;43m88[0;5;37;41m8[0;1;30;43m8[0;1;31;45m8[0;1;30;43m8[0;5;33;41m:[0;1;33;47mS@[0;5;33;40m%[0;1;30;43m8[0;1;30;47m8[0;37;43m8[0;1;37;47m [0;5;37;47m;8888[0;5;1;31;43m8[0;1;37;47m [0;5;1;33;41m8[0;1;37;47m.[0;5;37;43m8[0;5;1;37;43m8[0;1;33;47mS[0;5;37;43m8[0;1;37;47m [0;5;1;33;47m8[0;1;37;47m [0;5;33;40mt[0m
[0;5;37;40mX[0;1;33;47m8[0;1;37;47m .[0;5;37;47m8[0;1;33;47mXX@[0;5;37;41m8[0;5;37;43m8[0;1;31;47m8[0;5;37;43m8[0;1;33;47mX[0;5;37;43m8[0;1;37;47m [0;5;37;47m888[0;5;37;43m8[0;1;31;47mX[0;5;33;41mS[0;5;35;40m.[0;5;33;40m%@[0;5;35;40m%[0;5;33;40m@[0;1;33;47m88[0;5;37;47m88[0;37;43m8[0;1;30;43m88[0;1;33;47m8[0;1;37;47m [0;5;37;47m@[0;5;1;33;47m@[0;5;37;47m8[0;5;37;43m8[0;1;33;47mX[0;1;37;47m [0;5;1;31;43m@[0;1;37;47m [0;5;37;41m8[0;5;1;33;47m8[0;1;37;47m [0;5;1;37;43m8[0;1;31;47mX[0;5;1;37;43m8[0;35;47m8[0m
[0;5;37;40m@[0;1;33;47m@[0;5;37;41m8[0;1;31;43m8[0;5;37;43m8[0;1;31;47mX[0;5;1;31;43m8[0;1;37;47m [0;5;1;31;43m8[0;1;30;47m8[0;37;43m@[0;1;31;47m8[0;5;37;43m8[0;5;37;41m8[0;5;1;37;43m8[0;5;37;47m88[0;1;33;47mS[0;1;37;47m [0;5;37;43m8[0;5;35;40m.[0;1;30;43m8[0;33;47m8[0;5;33;41m;[0;1;30;43m8[0;5;31;40mS[0;33;47m8[0;5;37;43m8[0;5;37;47m88[0;33;47m8[0;5;37;47m8[0;1;37;47m [0;5;37;47m8[0;1;37;47mt[0;5;1;33;47m8[0;5;1;33;41m8[0;5;37;43m8[0;1;33;47mX[0;5;1;31;43m8[0;5;1;33;47m8[0;1;33;47mX[0;5;37;43m8[0;1;33;47m%[0;5;1;31;43m8[0;5;37;47m8[0;5;37;43m8[0;1;31;47mS[0;1;37;47m [0;33;47m8[0m
[0;5;37;40m@[0;1;33;47mX[0;33;47m88[0;1;33;47mX@[0;1;31;47m8[0;1;30;43m8[0;1;30;45m@[0;33;41mX[0;5;31;40mX8[0;33;47m8[0;5;37;43m8[0;1;31;47mS[0;5;37;47m%[0;5;37;43m8[0;1;37;47m [0;5;37;47m8[0;5;37;43m8[0;5;33;41m%[0;5;35;40m.[0;33;47m8[0;5;37;43m8[0;1;33;47m8[0;1;30;41m8[0;1;30;43m8[0;5;37;47m88@[0;1;31;43m8[0;1;33;47m8[0;5;1;31;43m8[0;1;33;47m%@8[0;1;31;47mX[0;5;33;41m@[0;1;30;45m8[0;5;35;40m;[0;5;31;41m8[0;33;47m8[0;1;31;47m8[0;5;37;43m8[0;1;37;47m [0;5;1;31;43m8[0;5;37;47m8[0;5;1;31;43m8[0;5;37;47m8[0;1;31;43m8[0m
[0;5;37;40m8[0;1;33;47m@[0;5;33;41m%[0;33;47mX[0;1;33;47m@[0;5;37;41m8[0;1;33;47m8[0;1;30;41mX[0;5;31;40m8[0;5;33;40m8[0;1;30;43m88[0;35;41m8[0;33;47m8[0;5;37;43m@[0;5;1;33;41m8[0;1;31;47m8[0;5;33;41m [0;5;37;47m@@[0;1;37;47m8[0;37;43mX[0;33;41m8[0;1;31;43m8[0;1;33;47mS[0;5;1;37;43m8[0;5;33;41m8[0;5;37;40m%[0;5;37;47m8%[0;37;43m@[0;5;1;31;43m8[0;1;33;47mS[0;5;1;33;41m8[0;1;30;47m8[0;5;1;31;43m8[0;5;35;40m:[0;5;33;40m%[0;1;30;43m8[0;5;33;40m@S[0;1;30;41m@[0;37;43m8[0;1;33;47m8@[0;1;37;47m [0;5;37;41m8[0;1;33;47mSX[0;5;35;40m [0m
[0;1;30;47m8[0;1;33;47mX[0;33;47m@[0;1;31;47m8[0;1;33;47m8[0;1;31;47m8[0;37;43m@[0;5;33;40m@[0;1;30;41m8[0;1;30;43m8[0;5;37;47m8[0;5;1;33;41m8[0;5;33;40mt[0;1;31;47m8[0;37;43m8[0;5;37;43m8[0;1;30;43m8[0;5;37;43m@[0;5;1;31;43m@[0;5;37;47m8[0;1;30;43m8[0;35;41m@[0;1;30;45m8[0;1;30;43m8[0;1;33;47m@[0;1;31;47m@[0;5;35;40m [0;5;33;40m;;[0;1;33;47m8[0;5;37;41m8[0;5;37;43m88[0;5;33;41mt[0;33;47m8[0;1;33;47m@[0;5;33;40m@[0;5;31;40m@[0;37;43m8[0;1;31;47m8[0;1;31;43m8[0;5;31;40mS@[0;1;31;47m8[0;5;37;43m8[0;1;33;47mX8[0;5;37;41m8[0;1;37;47m;[0;1;30;43m8[0m
[0;1;30;47m8[0;33;47m8[0;5;37;43m8[0;5;33;41m:[0;1;37;47mX[0;5;37;43m@[0;1;30;43m8[0;1;30;41m8[0;33;47m8[0;5;1;33;41m8[0;1;30;43m8[0;37;43m8@[0;5;37;43m8[0;5;37;41m8[0;5;1;31;43m8[0;5;33;40m.[0;5;37;43m@[0;5;1;33;41m8[0;37;43m@[0;5;33;41m:[0;1;30;43m8[0;35;41m8[0;1;31;41m8[0;35;41m8[0;5;33;40mX[0;5;36;40m%[0;5;35;40m%[0;5;36;40mS[0;5;33;40mt[0;5;37;43mX[0;5;33;41m [0;5;37;43m8[0;33;47m8[0;1;33;47mS[0;33;47m8[0;37;43m@[0;1;30;43m8[0;1;31;43m8[0;1;33;47mX[0;33;47m8[0;37;43m@[0;1;31;43m8[0;5;33;40mt [0;1;31;47m8[0;1;33;47m8[0;1;33;43m.[0;1;33;47mS[0;1;30;45m8[0m
[0;5;37;40mS[0;33;47m8[0;1;31;47m8[0;5;33;43mt[0;1;31;43m8[0;33;47m8[0;1;31;47m8[0;5;37;43m@[0;1;33;47m8[0;5;33;41m:[0;33;47m8[0;1;33;47m8[0;1;31;47m8[0;5;37;43m8[0;1;33;47m8[0;5;33;41m:[0;37;43m8[0;1;33;47m8[0;5;33;40m.[0;33;41m8[0;5;35;40m;[0;37;43m@[0;1;31;43m8[0;5;35;40mt[0;1;30;41m88[0;5;36;40m888[0;5;34;40mS[0;1;30;43m8[0;5;37;43m8[0;5;33;43m [0;1;31;45m8[0;1;37;47mSX;[0;1;33;47mX[0;33;47mS[0;1;30;43m8[0;5;33;41m@[0;5;37;43m8[0;1;33;47mS[0;1;30;47m8[0;5;35;40mS[0;5;33;40mX%[0;5;37;41m8[0;33;47m@[0;1;30;43m8[0m
[0;5;33;40m [0;1;30;43m8[0;33;47m8[0;5;33;41mt[0;33;47m8[0;5;1;31;43m8[0;1;37;47m [0;1;33;47m@[0;5;33;41m@[0;1;30;47m;[0;1;31;43m8[0;1;33;47m88[0;5;33;41m [0;5;37;43m@[0;33;47m8[0;5;33;41mX[0;1;30;47m:[0;5;35;40m:[0;35;41m@[0;33;41m@[0;1;30;45m8[0;37;43m@[0;1;30;41mX[0;1;30;40m8[0;5;34;40m@[0;5;36;40m8[0;34;46m8[0;5;30;40mS[0;5;36;40m8[0;5;37;40mX[0;33;47m8[0;1;31;43m8[0;37;43m@[0;5;33;43m [0;5;33;41m [0;5;37;47m;@t[0;1;37;47m%[0;5;33;40mS[0;37;43m8[0;1;30;47m@8[0;5;36;40m;[0;5;33;40m.[0;5;35;40mt[0;5;33;40m;[0;1;33;47mS[0;5;35;40m;[0m
[0;5;37;40m%[0;33;47m8[0;1;31;47m8[0;5;33;43m%[0;1;31;47m8[0;1;33;47m8[0;5;33;41m%[0;1;37;47m::[0;5;36;40m;[0;1;30;47m8[0;1;31;43m8[0;5;37;43m@X[0;5;1;33;41m8[0;5;37;43m@[0;1;30;43m8[0;37;43m8[0;1;30;41m888[0;33;41m8[0;37;43m8[0;35;41mX[0;5;36;40mt8t[0;1;30;46m88[0;5;34;40m8[0;5;36;40mS[0;1;33;47m8[0;37;43m@[0;1;31;43m8[0;1;33;47m8[0;5;33;43mt[0;37;43m@[0;1;33;47mXX[0;33;47m8@[0;5;35;40m%[0;1;30;46m8[0;5;36;40m8[0;5;35;40m:[0;5;36;40mt8[0;5;33;40m [0;1;33;47mX[0;5;33;40m;[0m
[0;1;30;47m8[0;33;47m8[0;37;43m8[0;5;33;41mt[0;1;33;47m8[0;33;47m8[0;1;37;47m [0;5;1;31;43m8[0;1;33;47mX[0;5;37;40m8[0;5;36;40m [0;1;33;47mS[0;1;31;43m8[0;1;33;47m8[0;1;33;43m.[0;5;37;41m8[0;1;30;43m8[0;1;30;41m888[0;5;35;40m8[0;1;30;41m8[0;5;33;40mt[0;5;36;40m [0;1;30;46m8[0;5;36;40mt% [0;1;30;46m8[0;5;36;40m88[0;5;33;40m%[0;1;31;43m8[0;1;37;47m [0;1;31;43m8[0;1;33;47m8[0;5;1;33;41m8[0;5;37;43m@[0;5;33;41m:[0;1;30;43m8[0;1;37;47m [0;33;47mX[0;5;35;40m [0;5;34;40m8[0;5;33;40mS[0;5;36;40m8[0;5;34;40m8[0;5;36;40m:[0;1;30;47m@[0;5;33;40m%[0m
[0;1;30;47m8[0;33;47m88[0;37;43m8[0;5;33;41m.[0;1;33;47m8XS[0;5;1;31;43m8[0;1;30;47m;[0;5;35;40m:[0;33;47m8@[0;1;33;47m8[0;5;1;33;41m8[0;33;47m8[0;31;43m8[0;5;31;40m8[0;1;30;41m@888[0;5;35;40mS[0;1;30;46m8[0;5;36;40mt; ;@[0;1;30;46m8[0;5;34;40m8[0;5;36;40m@[0;1;30;47m8[0;5;37;43m@[0;33;47mX[0;5;33;41m:[0;33;47m88[0;1;30;47m:[0;1;30;43m8[0;33;47m88[0;1;30;47m8[0;5;33;40m8[0;5;30;40m8[0;1;30;46mS[0;5;36;40m8[0;5;35;40m.[0;1;33;47mX[0;5;35;40m.[0m
[0;1;30;47m8[0;5;33;41m:[0;1;37;47mt[0;1;30;43m8[0;5;37;43m@[0;1;31;47m8[0;1;37;47m  [0;1;33;47m8[0;33;47m8[0;5;35;40m;[0;1;31;43m8[0;33;47m8[0;5;1;33;41m8[0;1;33;47m8[0;1;30;47m8[0;31;43m@[0;5;31;40m@[0;1;30;41mX888@[0;5;36;40m@[0;1;30;46m88[0;5;36;40m8X[0;5;34;40mS[0;1;30;46m@[0;5;36;40m8[0;5;34;40mX[0;5;33;40m@[0;5;35;40m:[0;1;37;47m.[0;1;33;43m%[0;5;37;43m@[0;5;33;41mt[0;33;47m88[0;1;33;47m@[0;1;30;43m8[0;5;33;40m%[0;1;30;47m8[0;5;33;40m;[0;5;34;40m8X[0;5;36;40m;[0;1;37;47m [0;1;30;43m8[0m
[0;1;30;47m8[0;1;33;47m8[0;1;30;47m@[0;5;33;40mS[0;5;33;41mt[0;5;37;43m8[0;1;33;47mX%[0;1;31;47m@[0;5;1;33;41m8[0;33;47m88[0;5;33;41m [0;1;33;47m88[0;5;37;41m8[0;1;30;43m8[0;1;30;41m8[0;5;31;40m8[0;1;30;41m8888[0;5;31;40mX[0;5;36;40m8[0;5;34;40m8[0;5;36;40m tS@X%X [0;5;37;40m8[0;1;30;47m8[0;1;31;43m8[0;33;47m8[0;1;30;43m8[0;1;33;47mS[0;1;37;47m [0;1;30;43m88[0;5;33;40mt[0;5;36;40m.[0;1;30;46m8[0;5;36;40m8[0;5;33;40mt[0;33;47mS[0;5;33;40m [0m
[0;1;30;47m8[0;33;47m888[0;37;43m@[0;5;1;33;41m8[0;1;33;47mX[0;1;31;47m8[0;1;33;47mS[0;1;37;47m [0;1;33;47m8[0;5;37;43m@[0;1;30;43m8[0;5;37;41m8[0;5;37;43m8[0;33;47m8[0;5;1;31;43m8[0;1;30;43m8[0;5;33;40m@[0;1;30;41m@8888[0;5;31;40mX[0;5;33;40m [0;5;37;40m8[0;1;30;46m8[0;5;36;40m.S%[0;5;35;40m;[0;5;36;40mS[0;1;30;46mX[0;5;36;40mX[0;1;30;47m@[0;33;47m@88@[0;37;43m8[0;5;35;40m:[0;37;43m8[0;5;35;40m:[0;1;30;46m8[0;5;34;40m8S[0;5;36;40m;[0;33;47mX[0;5;33;40m:[0m
[0;1;30;47m8[0;1;33;47m8[0;1;30;47m8[0;33;47m8[0;5;33;41m:[0;1;33;47m@[0;5;33;41m:[0;5;37;43m8[0;1;31;47m8[0;1;33;47m@[0;1;31;47m@@[0;5;37;43m8[0;1;33;47m8[0;5;33;41m.[0;1;33;47mS[0;5;37;47m@[0;5;37;43m8[0;1;37;47m%[0;1;33;47m@[0;5;35;40m:[0;1;30;41m8[0;5;31;40m8[0;5;33;40m8[0;33;47m8[0;5;37;43m8[0;1;33;47mX8[0;1;30;47mS[0;1;37;47m [0;33;47m@X[0;1;30;47m8@[0;5;33;40m [0;33;47m@@[0;37;43m@[0;1;30;43m8[0;33;47mX[0;5;33;40m:[0;33;47m8[0;5;35;40m.[0;5;36;40mS8[0;1;30;46mX[0;5;34;40mS[0;5;33;40m;[0;1;33;47mS[0;5;33;40m [0m
[0;1;30;47m%[0;1;33;47m@[0;33;47m88@8[0;1;33;47m8[0;5;33;41mt[0;5;37;43m@[0;33;47m8[0;1;33;47m8[0;1;31;47m8[0;1;37;47m t[0;1;33;47mX[0;1;31;43m8[0;1;33;47m8[0;1;37;47m.[0;5;1;37;43m8[0;5;37;47m8[0;5;1;33;47m8[0;5;37;47m8[0;1;33;47mX[0;1;37;47mt[0;5;37;43m8[0;1;33;47mS88X[0;5;37;47m8[0;5;1;37;43m8[0;1;37;47m8[0;5;37;43m8[0;1;33;47m8[0;37;43m8[0;33;47m8[0;1;30;43m8[0;33;47m8[0;1;30;43m8[0;33;47m8[0;5;33;41mX[0;33;47m88[0;5;35;40m.[0;5;36;40m8[0;5;34;40m8X[0;5;33;40m%[0;1;30;47m%[0;33;47m8[0m
[0;1;30;47m%[0;1;33;47mX[0;1;31;47m8[0;37;43m8[0;1;33;47m@[0;5;37;41m8[0;33;47m88[0;5;33;41mt[0;33;47m8[0;1;33;47m@X[0;5;37;41m8[0;1;33;47m@[0;5;37;47m8[0;33;47m8[0;5;1;33;41m88[0;1;33;47m8@[0;5;37;47m8[0;5;37;43m8[0;5;37;47m@[0;5;37;43m8[0;5;33;41m [0;1;33;47m8[0;5;33;41m;[0;37;43m@[0;5;1;33;41m8[0;1;33;47mX[0;5;37;47m8[0;5;37;43m8[0;1;33;47m@[0;1;31;47m8[0;37;43m@[0;33;47m8[0;37;43m8[0;5;33;41mS[0;5;37;40mS[0;37;43m8[0;1;37;47m.[0;1;33;47m8[0;1;30;43m8[0;5;35;40m;[0;5;36;40m@[0;5;34;40m@[0;5;32;40mS[0;5;33;40m%[0;1;33;47m%[0;1;30;47m8[0m
[0;1;30;47m@[0;1;33;47mX[0;33;47m8[0;5;33;41mt[0;33;47m8[0;1;33;47m8[0;33;47m8[0;1;33;47m8[0;33;47m8[0;5;1;33;41m8[0;33;47m@[0;5;1;33;41m8[0;1;33;47mX@S[0;1;31;47mX[0;1;33;43m;[0;1;33;47m8[0;1;31;47m@[0;1;33;47m8[0;1;31;47m8[0;5;1;33;47m88[0;5;37;47m8[0;1;33;47mS8[0;37;43mX[0;1;33;47m8[0;1;37;47mt[0;5;1;33;47m8[0;5;37;43m8[0;5;37;47m8[0;5;37;41m8[0;37;43m@[0;33;47m8[0;37;43m8[0;5;37;40m;[0;33;47m8[0;1;30;43m8[0;1;30;47m8[0;1;33;47mS[0;33;47m@@[0;5;33;40m.[0;5;34;40mX[0;5;33;40m@X[0;1;30;43m8[0;1;37;47m.[0;33;47m@[0m
[0;1;30;47mX[0;1;33;47mS[0;5;37;43m8[0;1;30;43m8[0;5;33;41mS[0;37;43m8[0;5;33;41m [0;33;47m8[0;1;31;43m8[0;1;33;47m8[0;5;33;41m:[0;33;47mX[0;37;43m@[0;5;37;41m8[0;1;33;47m@[0;33;47m8[0;1;31;47m8[0;5;33;41m:[0;1;33;47mX[0;1;37;47m [0;1;33;47mSS[0;5;37;47m8[0;5;1;37;43m8[0;5;37;47m8[0;5;37;43m8[0;5;33;41m [0;1;33;47m@[0;5;37;47m8[0;5;37;43m8[0;5;37;47m8[0;5;37;43m8[0;33;47m8X88[0;1;31;43m8[0;33;47m8[0;5;33;40mt[0;1;33;47mS[0;33;47m@8[0;1;30;43m8[0;33;47m8[0;5;33;40m8;t[0;33;47mX[0;1;37;47m%[0;1;33;47mX[0m
[0;1;30;47m8[0;1;37;47m%[0;5;33;41m [0;33;47m@8[0;1;30;43m8[0;33;47m8[0;37;43m@[0;1;31;47m8[0;33;47m8[0;1;33;47m8[0;1;31;43m8[0;5;37;43m@[0;33;47m8[0;5;33;41m [0;5;37;43m8[0;33;47m@[0;1;33;47m8[0;1;30;43m8[0;1;37;47m  [0;5;1;33;41m8[0;33;47m8[0;1;31;47m8[0;1;33;47m8[0;33;47mX[0;1;33;47mS@8[0;1;31;47mS[0;1;33;47m8[0;1;31;47m@[0;1;37;47m [0;33;47m8[0;1;31;43m8[0;33;47m@8[0;1;30;43m8[0;5;37;40mt[0;1;30;43m8[0;33;47m8[0;1;31;43m8[0;1;30;47m8[0;1;30;43m88[0;5;37;40m%[0;1;30;43m8[0;33;47m8[0;1;37;47m:[0;33;47m8[0m
[0;1;30;47mX[0;5;37;47m:[0;5;33;43mX[0;1;30;43m8[0;5;37;41m8[0;5;37;43m8[0;5;33;41m:[0;37;43m8[0;1;31;43m8[0;37;43m@[0;1;33;47m8[0;5;33;41m;[0;33;47m8[0;37;43mX[0;1;33;47m8[0;1;31;43m8[0;33;47mX[0;1;33;47m%[0;1;31;47m8[0;5;37;43m8[0;1;33;47mS[0;5;37;41m8[0;1;33;47m888XXX8@@[0;33;47m8[0;1;33;47m8[0;33;47m88[0;37;43m@[0;33;47m8[0;5;33;40mt[0;37;43m8[0;1;31;43m8[0;1;30;47m8[0;37;43m8[0;1;30;43m8[0;33;47m8[0;1;30;43m8[0;1;31;47m8[0;37;43m@[0;1;31;43m8[0;5;37;47m8[0;1;33;47mS[0m
[0;1;30;47m:[0;1;37;47m8[0;5;33;43mt[0;1;30;45m8[0;5;33;43m.[0;1;30;45m8[0;5;37;43m@[0;1;31;43m8[0;33;47m@[0;5;37;41m8[0;37;43m@[0;33;47m8[0;1;31;43m8[0;33;47m8[0;1;31;47m8[0;1;33;47m8[0;33;47m8[0;1;33;47mX[0;5;33;41m:[0;33;47m8[0;1;33;47m8[0;37;43m8[0;1;31;47m8[0;33;47m@[0;1;31;47mX[0;1;33;47m@X[0;1;31;47m8[0;1;33;47mXS@[0;1;31;47m@[0;1;30;47mS[0;33;47m8[0;1;31;43m8[0;1;30;47m8[0;1;30;43m8[0;5;33;40mX[0;33;47m8[0;1;30;47m8[0;1;30;43m8[0;33;47m8[0;1;31;43m8[0;5;35;40m:[0;33;47m88[0;1;31;43m8[0;33;47m@[0;5;37;47m8[0;1;37;47m [0m
[0;1;30;47m:[0;5;37;47m%[0;1;33;43m.[0;5;33;41m%[0;1;30;47m8[0;5;33;43m [0;5;33;41mS[0;33;47m8[0;1;33;47m@X[0;5;33;41m;[0;33;47m8[0;37;43m8[0;5;33;41m%[0;1;37;47mX[0;33;47m8[0;5;37;41m8[0;33;47m8[0;1;33;47m8[0;5;33;41m:[0;33;47m8[0;37;43m@[0;1;33;47m8[0;37;43m8[0;33;47m8[0;1;31;47m@[0;1;33;47m8[0;33;47m8[0;1;31;47m8[0;1;33;47m@88S[0;33;47m8[0;37;43m8[0;33;47m8[0;5;31;40mX[0;1;30;47m8[0;5;33;40m.[0;5;31;40mS[0;5;35;40mS[0;5;36;40m;[0;5;35;40m [0;1;30;43m8[0;33;47m8[0;5;33;41m;[0;33;47m8[0;37;43mX[0;5;37;47m8[0;1;33;47mS[0m
[0;1;30;47m8[0;5;37;47m@[0;5;37;43m8[0;5;33;40mt[0;1;30;43m8[0;1;30;45m8[0;5;33;43m;[0;35;47m8[0;1;31;43m8[0;33;47m@[0;1;33;47m8[0;1;30;43m8[0;33;47mX8[0;37;43m@[0;1;33;47m8[0;33;47m8[0;5;33;41mt[0;1;33;47m8[0;1;33;43m;[0;33;47m8[0;5;33;41mt[0;33;47m8[0;1;33;47m88[0;1;31;47m8[0;33;47m8[0;1;33;47m88[0;5;37;41m8[0;33;47m8[0;1;31;47m8[0;33;47m8[0;37;43m8[0;1;30;43m8[0;5;33;40m.;[0;5;35;40m [0;5;33;40m [0;5;36;40m:XS@[0;5;35;40mX[0;1;30;43m8[0;33;47m8[0;1;30;43m8[0;37;43m@[0;5;37;47m8[0;33;47mX[0m
[0;1;30;47m8[0;1;33;47mX8[0;1;31;41m8[0;5;33;40m.[0;37;43m8[0;5;35;40m%[0;1;31;43m8[0;33;47m@8[0;5;33;41m;[0;1;30;47m%[0;33;47m8[0;5;33;41m:[0;37;43m@[0;1;31;43m8[0;1;33;47m@[0;1;30;43m8[0;37;43m@[0;5;33;41m:[0;1;30;43m8[0;5;33;40m.[0;1;30;43m8[0;5;35;41m8[0;37;43m888[0;5;35;41mX[0;1;30;47m%[0;37;43m@[0;33;47m88[0;1;30;43m8[0;33;47m8[0;5;33;41mX[0;1;30;47m@[0;33;47m8[0;5;33;43m [0;1;30;45m8[0;1;30;43m88[0;5;33;40m%[0;5;34;40mS[0;5;33;40m@[0;1;30;43m8[0;1;31;43m8[0;1;30;43m8[0;1;31;47m8[0;5;37;47mS[0;1;37;47mt[0m
[0;1;30;47m8[0;5;37;47m8[0;5;33;43m:[0;5;35;40m:[0;1;30;43m88[0;33;47m8[0;1;30;43m8[0;33;47m88[0;37;43mX[0;33;47m8[0;1;33;43m.[0;1;33;47m8[0;1;31;43m8[0;37;43m8[0;1;30;43m8[0;1;31;43m8[0;33;47m88[0;5;37;43m@[0;1;30;43m8[0;37;43m88[0;1;30;43m8[0;37;43m8[0;1;30;43m8[0;37;43m8[0;1;30;43m8888[0;1;30;47m8[0;37;43m8[0;1;30;47m8[0;37;43mX[0;5;33;41m@[0;5;33;40m;[0;1;30;43m@[0;5;33;43m:[0;37;43m8[0;1;31;43m8[0;5;33;40m%[0;5;35;40mS[0;37;43m@[0;5;33;40m [0;1;30;43m8[0;37;43m@[0;5;37;47mS[0;1;33;47m@[0m
[0;1;30;47m8[0;1;37;47mS[0;33;47m8[0;1;31;43m8[0;5;37;40mt[0;1;30;43m88[0;33;47m8[0;5;33;41m%[0;37;43m8[0;5;33;41m;[0;37;43m8[0;5;33;41m;[0;33;47m8[0;5;33;43mt[0;33;47m8[0;5;37;43m@[0;1;31;43m8[0;33;47m8[0;1;33;47m8[0;35;47m8[0;5;37;41m8[0;1;30;43m88[0;33;47m8[0;1;31;43m8[0;1;30;47m8[0;1;30;43m8[0;37;43m@8[0;5;33;41mt[0;33;47m8[0;5;33;41m;[0;1;30;43m88[0;37;43mX[0;5;37;43m8[0;37;43mX[0;1;33;47m8[0;5;33;41mS[0;1;30;47m8[0;1;30;43m8[0;5;33;40m8[0;1;30;43m8[0;1;31;43m8[0;5;37;40mS[0;1;30;43m8[0;33;47m8[0;5;37;47m8[0;33;47m8[0m
[0;1;30;47m8[0;1;33;47mS8[0;5;33;40mS[0;1;30;43m8[0;33;47m8[0;5;33;41mS[0;33;47m8[0;1;30;43m88[0;37;43m8[0;1;30;43m88[0;1;31;43m8[0;1;30;47m8[0;5;37;43m@[0;1;31;47m8[0;5;37;43m8[0;1;31;43m8[0;33;47m8[0;37;43mXX8[0;1;30;43m88[0;33;47m8[0;1;31;43m8[0;33;47m8[0;1;31;43m8[0;33;47m8[0;37;43m8[0;1;30;43m8[0;33;47m8[0;1;33;47m8[0;5;37;43m8[0;1;33;47m8[0;1;31;47m8[0;5;37;43m8[0;33;47m8[0;37;43m8[0;31;43m8[0;5;31;40mX[0;5;33;40m8Xt[0;37;43m8[0;1;30;43m8[0;5;33;41m%[0;5;37;47mt[0;1;30;47mS[0m
[0;1;30;47m8[0;1;33;47mX[0;37;43m8[0;1;31;43m8[0;5;37;40m;[0;1;30;43m8[0;5;37;40m@[0;1;30;43m8[0;37;43m8[0;1;30;43m8[0;37;43m8[0;1;30;43m8[0;33;47m8[0;1;30;41m8[0;31;43m8[0;1;31;43m8[0;37;43mX[0;1;31;43m8[0;33;47m8[0;5;33;41m;[0;1;33;43m%[0;5;33;41m:[0;33;47m8[0;5;33;41m [0;37;43m8[0;1;30;43m8[0;37;43m88[0;1;30;43m88[0;1;31;43m8[0;37;43m@[0;1;31;43m8[0;1;30;43m8[0;5;33;41m%[0;1;30;43m8[0;1;33;43m.[0;5;33;41m;[0;37;43m@[0;1;31;43m8[0;5;33;40m;[0;1;30;43m8[0;5;33;40m%[0;1;30;43m8[0;5;33;41mS[0;5;33;40m :[0;33;47m8[0;1;37;47m8[0;33;47m@[0m
[0;1;30;47m8[0;1;33;47mS[0;33;47m88[0;1;33;47m8[0;33;47m88[0;1;31;43m8[0;1;30;47m8[0;5;33;41m;[0;33;47m@8[0;1;31;43m8[0;1;30;47mS[0;37;43m8[0;1;30;43m8[0;33;47m8[0;1;30;43m88[0;33;47m888[0;1;30;43m8[0;37;43m8[0;5;33;40m%%[0;1;30;43m8[0;5;33;40m.[0;37;43m8[0;5;33;40m.[0;33;47m88[0;5;33;40m:[0;33;47m8[0;1;30;43m8[0;33;47m8[0;1;30;47m8[0;37;43m8[0;5;33;40m;[0;1;30;47m8[0;1;30;43m8[0;1;30;47m8[0;37;43m8[0;33;47m@[0;1;30;47m%[0;33;47m8@8[0;5;37;47m8[0;33;47m8[0m
[0;1;30;47m:[0;5;37;40m;[0;1;31;47m8[0;1;30;47m8[0;1;31;47m8[0;1;30;47m8[0;33;47m8[0;1;30;47m8[0;33;47m8[0;1;30;47mX[0;33;47m8[0;1;30;47m88[0;1;30;43m8[0;1;30;47m88[0;1;30;45m8[0;33;47m8[0;5;35;40m [0;5;37;40m:[0;1;30;47m8[0;5;33;40m%  .[0;1;30;47m8[0;5;33;40mt[0;1;30;47m8[0;1;31;43m8[0;1;30;47m8[0;5;37;40m:[0;33;47m8[0;5;35;40m.[0;5;37;40m:[0;1;30;47m8[0;5;33;40mS: [0;37;43m8[0;5;33;40m [0;1;30;47m8[0;1;30;43m8[0;37;45m8[0;1;30;43m8[0;1;30;47m888[0;1;30;43m8[0;1;30;47m8[0;5;35;40m [0m