[0;5;37;47m;:;;ttt;;;;t;;;;;;;;;;;;;;;;;;;;;t;;;t%t%S%SSS%%%%[0m
[0;5;37;47m;[0;5;37;43m8[0;1;31;43m8[0;1;33;43mt[0;1;31;43m8[0;1;33;43mt..[0;1;31;43m8[0;1;33;43m:[0;1;31;43m8[0;1;33;43m;[0;1;31;43m8[0;1;33;43m;[0;1;31;43m8[0;1;33;43m%.[0;1;31;43m8[0;1;33;43mt....:..:.[0;1;31;43m8[0;1;33;43m%.....[0;1;31;43m8[0;1;33;43mt...[0;5;33;43m [0;1;31;43m88[0;1;33;43mt[0;1;31;43m8[0;1;33;43m:[0;1;31;43m8[0;1;33;43m:[0;5;37;43m8[0;5;37;47m@[0m
[0;5;37;47m;[0;33;47m8[0;1;31;43m8[0;1;33;43mt[0;1;31;47m8[0;5;1;33;41m8[0;5;37;41m8[0;5;1;33;41m8[0;1;31;43m8[0;1;33;47m8[0;1;31;43m8[0;1;30;43m@[0;1;31;43m8[0;1;30;43m@[0;1;31;43m8[0;1;33;43m.[0;1;31;43m8[0;37;43m@[0;1;31;43m8[0;1;33;47m8[0;5;33;41mt[0;1;33;47m8[0;5;33;41mt[0;1;33;47m8[0;5;33;41m;[0;1;33;47m8[0;5;33;41m;[0;1;33;47m8[0;1;31;43m8[0;1;33;43m;[0;5;33;41m.[0;5;33;43mS[0;5;33;41mS[0;1;33;43m;[0;1;31;43m8[0;1;33;43mt[0;1;31;43m88[0;5;33;43m.[0;5;31;41m@[0;1;30;43m8[0;5;33;41m [0;5;33;43mt[0;5;33;41m;[0;1;33;43m:[0;5;33;41m [0;1;33;43mS[0;1;31;43m8[0;1;33;47mX[0;5;37;47mS[0m
[0;5;37;47mt[0;5;33;43mt[0;1;31;43m8[0;5;33;41m:[0;33;47m8[0;1;31;43m88[0;33;47m8[0;5;33;41m [0;1;31;43m8[0;5;33;41m [0;1;33;43mX[0;37;43mS[0;5;33;41m:[0;1;33;43mS[0;33;47m8[0;1;33;47m8[0;1;31;43m8[0;33;47m8[0;1;31;43m8[0;37;43m@[0;1;33;43m:[0;37;43mX[0;1;33;43m.;[0;37;43mX[0;1;33;43m:[0;1;31;43m8[0;33;47m8[0;37;43mX[0;33;47m8[0;1;30;43m8[0;33;47m8[0;1;31;43m8[0;1;33;47m8[0;1;31;43m8[0;37;43mX[0;1;31;43m8[0;1;30;43m8[0;1;31;43m8[0;37;43mX[0;1;31;43m8[0;33;47m8[0;1;33;43m.[0;5;1;31;43m8[0;33;47m8[0;1;31;43m88[0;1;33;47mS[0;5;37;47m;[0m
[0;5;37;47m%[0;33;47m8[0;1;31;43m8[0;5;37;43m@[0;5;33;41m;[0;1;33;43m;[0;5;1;33;41m8[0;37;43m@[0;5;1;33;41m8[0;33;47m8[0;5;1;33;41m8[0;1;30;43m8[0;1;33;43m:[0;1;33;47m8[0;5;33;41m%[0;1;31;43m8[0;37;43mX[0;1;33;43m..[0;5;33;43m:[0;1;31;43m8[0;37;43mS[0;5;33;41m [0;5;33;43mS[0;1;31;43m8[0;5;33;43m:[0;5;33;41mX[0;37;43mS[0;1;31;43m8[0;5;33;43m;[0;5;33;41mX[0;37;43mX[0;5;33;41m.[0;33;47m8[0;1;31;43m8[0;1;33;43m;[0;1;31;43m8[0;37;43m@[0;1;33;43m..[0;5;1;33;41m@[0;5;33;41m.[0;1;33;43mt[0;5;37;41m8[0;5;33;41m [0;5;33;43m%[0;5;33;41m%[0;1;33;43mt[0;1;37;47m.[0;5;37;47m:[0m
[0;5;37;47mt[0;33;47m8[0;1;31;43m8[0;5;33;41m:[0;37;43mX[0;5;33;41m [0;1;33;43m.[0;5;33;41m [0;1;33;43m:[0;5;33;41m [0;37;43m@[0;5;33;43m:[0;5;35;41mS[0;1;30;43m8[0;5;37;43mX[0;1;31;43m8[0;1;33;43m:[0;1;31;47m8[0;5;33;41m.[0;1;30;43m88[0;1;31;43m8[0;1;30;43m8[0;1;30;41m8[0;35;41mX[0;1;30;41m8[0;1;30;43m8[0;1;31;43m8[0;1;30;43m8[0;1;31;43m8[0;1;33;43m;;[0;5;33;43mS[0;1;30;43m8[0;1;33;43m:[0;37;43m@[0;1;31;43m8[0;1;33;43m;[0;5;33;41m [0;5;37;43m@[0;5;33;41m:[0;37;43m@[0;5;1;33;41m@[0;1;33;43m:[0;1;31;43m8[0;5;33;41m [0;1;33;47mX[0;1;31;43m8[0;1;33;47m@[0;5;37;47m:[0m
[0;5;37;47mt[0;5;37;43m@[0;1;31;43m8[0;1;33;43m.[0;5;1;33;41m8[0;37;43m@[0;5;1;33;41m@[0;37;43m@[0;5;1;33;41m8[0;37;43m8[0;1;31;43m8[0;37;43m8[0;1;33;43m:[0;33;47m8[0;5;33;41m;[0;1;33;47m8[0;1;31;43m8[0;1;33;43mS[0;5;33;40mX[0;1;31;41m%[0;35;41mt[0;1;31;41mS[0;33;41m%%X[0;1;31;41m@%[0;33;41m%[0;35;41mt[0;1;30;41mX[0;1;31;43m8[0;37;43m@[0;5;33;41mt[0;1;33;43mt[0;5;1;33;41m8[0;1;31;43m8[0;5;33;43mt[0;1;30;43m8[0;1;33;43m:[0;1;31;43m8[0;37;43mX[0;5;1;33;41m@[0;5;33;41m:[0;37;43m@[0;1;33;43m%[0;37;43m@[0;1;31;43m8[0;1;33;43m%[0;1;37;47m;[0;5;37;47m.[0m
[0;5;37;47mt[0;37;43m8[0;1;31;43m8[0;5;37;41m8[0;1;33;43m:[0;5;1;33;41m@[0;5;33;41m:[0;33;47m8[0;5;33;41m [0;5;33;43m8[0;37;43mX[0;5;33;41m;[0;1;33;47m8[0;1;31;43m8[0;5;37;43m8[0;1;30;43m@[0;31;43m8[0;1;31;41mX[0;1;30;41mS[0;33;41mX@[0;1;30;41mS[0;33;41mX[0;1;31;41m@[0;33;41m8@X[0;1;31;41mS[0;1;30;43mX[0;31;43m@8[0;1;31;43m8[0;37;43mX[0;5;33;41m;[0;33;47m8[0;1;31;43m88[0;33;47m8[0;1;31;43m8[0;1;33;43mt[0;1;31;43m8[0;1;33;43mtt[0;1;31;43m8[0;5;1;33;41m8[0;37;43m@[0;5;1;33;41m8[0;1;31;43m8[0;1;33;47m@[0;5;37;47m.[0m
[0;5;37;47mt[0;1;33;47m8[0;1;31;43m8[0;1;33;43m%[0;1;31;43m8[0;33;47m8[0;1;33;43m%:[0;37;43mX[0;1;31;43m8[0;1;33;43mt[0;1;33;47m8[0;1;31;43m8[0;1;33;47m8[0;1;31;43m8[0;33;41mX[0;1;31;41mX[0;1;30;41m8[0;33;41m8[0;1;31;41m8[0;33;41m8[0;1;31;43m8[0;1;30;43m8[0;1;31;43m888[0;1;30;43m8[0;5;31;41mX[0;1;31;43m8[0;1;30;43m8[0;5;33;41m%[0;1;30;41m8[0;31;43m8[0;1;33;43m::[0;1;33;47m8[0;5;33;41mt[0;1;33;43mS[0;37;43m@[0;1;33;43m.[0;1;33;47m8[0;5;33;41mt[0;37;43m@[0;1;33;43m;[0;1;31;43m8[0;37;43mS[0;1;31;43m8[0;1;33;43mt[0;1;37;47m:[0;5;37;47m.[0m
[0;5;37;47mt[0;37;43m@[0;1;31;43m8[0;37;43mX[0;1;33;43m:[0;37;43m@[0;5;33;41m:[0;1;33;43mX[0;33;47m8[0;1;31;43m88[0;33;47m8[0;5;33;43m;[0;1;30;43m8[0;1;31;41m8[0;1;30;43m8[0;33;41m%[0;1;30;43m8[0;1;31;43m8[0;37;43mS[0;5;33;43m.[0;5;33;41m [0;5;33;43m:[0;1;33;43m;[0;5;37;43m@[0;5;1;31;43m8[0;1;33;43m.[0;5;33;43m:[0;5;33;41m8[0;1;31;43m8[0;31;43m@[0;33;41m%[0;1;31;41m%[0;1;31;43m88[0;1;33;43m.[0;1;33;47m8[0;5;33;41mt[0;1;33;43m%[0;5;33;41m [0;37;43m8[0;1;33;43m%[0;1;31;43m8[0;33;47m8[0;1;33;43m.[0;5;37;43m@[0;1;31;43m88[0;5;37;43m8[0;5;37;47mt[0m
[0;5;37;47mt[0;1;33;47m8[0;1;31;43m8[0;1;33;43m:[0;5;37;41m8[0;1;33;43m%[0;37;43m@[0;1;31;43m8[0;37;43m@[0;1;33;43m:[0;5;33;43m:[0;5;35;41mX[0;33;47m8[0;1;31;43m8[0;31;43m8[0;1;31;41m@[0;31;43m@[0;5;33;43m [0;1;31;43m88[0;1;30;43m8[0;5;33;40m@[0;1;30;41m@8[0;33;41m@[0;1;30;43m8[0;5;31;41mt[0;1;30;43m8[0;5;33;43m [0;5;33;41mt[0;1;33;43m%[0;1;30;41m8[0;33;41m@[0;1;30;43m8[0;5;33;41m [0;1;33;43mS[0;37;43mX[0;1;33;43m.[0;37;43m@[0;1;33;43m%[0;37;43m@[0;1;31;43m8[0;5;37;43m8[0;5;33;41mt[0;1;33;43m:[0;1;31;43m8[0;33;47m8[0;1;31;43m8[0;1;33;47mS[0;5;37;47m:[0m
[0;5;37;47mt[0;37;43m@[0;1;33;43m.[0;5;33;43m [0;1;31;43m8[0;37;43mX[0;1;31;43m8[0;5;37;43m@[0;5;33;41mS[0;1;30;43m8[0;37;43m8[0;5;37;43m@[0;1;31;43m8[0;1;30;43m8[0;1;31;43m8[0;37;43m@[0;5;1;33;41m8[0;5;31;40mS[0;1;30;41m8[0;31;43m8[0;1;31;43m8[0;1;30;43m8[0;1;31;43m8[0;1;30;43m8[0;5;31;41m8[0;5;33;40mS[0;33;47m8[0;5;37;41m8[0;1;30;43m88[0;5;33;41mS[0;5;33;43m.[0;1;31;41m8[0;1;30;43m8[0;1;33;43m%[0;1;31;43m8[0;37;43m@[0;5;33;41m [0;1;33;43m%[0;1;31;43m8[0;1;33;43m:[0;37;43m@[0;1;31;43m8[0;1;33;43m%[0;37;43m8[0;1;31;43m8[0;1;33;43m;.[0;1;33;47mS[0;5;37;47mt[0m
[0;5;37;47mt[0;1;33;47m8[0;5;33;41mS[0;1;30;43m8[0;1;31;43m8[0;1;33;43m;[0;37;43m@[0;1;31;43m8[0;1;33;43m%[0;1;31;43m88[0;1;33;47m8[0;5;33;43m.[0;35;41m8[0;1;31;43m8[0;5;33;43m.[0;1;30;41m88[0;1;30;43m@[0;1;31;43m8[0;1;37;47m;[0;5;1;37;43m8[0;1;31;47m8[0;33;41mS[0;5;33;40m8[0;1;31;41m@[0;33;41m8[0;1;33;47m88[0;5;37;41m8[0;1;30;41m8[0;1;30;43m8[0;5;33;41mt[0;1;30;43mX[0;1;33;43m.[0;1;33;47m8[0;5;33;41m;[0;1;33;43m8[0;1;30;43m8[0;1;31;43m8[0;37;43mX[0;5;33;41m;[0;37;43mX[0;1;31;43m8[0;1;33;43m.[0;1;31;43m8[0;1;33;43m;[0;5;33;41m [0;1;37;47m8[0;5;37;47m [0m
[0;5;37;47mt[0;33;47m8[0;1;31;43m8[0;1;33;43m;[0;33;47m8[0;5;33;41m.[0;1;33;43m%[0;37;43mX@[0;1;33;43m:[0;37;43m@[0;5;33;41m.[0;33;47m8[0;1;31;43m8[0;37;43m@[0;1;31;43m8[0;31;40m@[0;1;30;43m8[0;5;33;41m;[0;5;37;43m88[0;5;37;41m8[0;1;33;47mX8[0;1;31;47m8[0;1;33;47m8[0;5;33;41m;[0;1;30;43m8[0;1;31;41m@[0;1;30;43m8[0;31;43m@8[0;1;33;43m.[0;5;33;41m:[0;37;43m@[0;1;31;43m8[0;1;33;47m8[0;1;30;43m8[0;1;33;43m.[0;1;33;47m8[0;1;31;43m8[0;33;47m8[0;1;33;43mt.[0;37;43m@[0;1;33;43m.[0;1;33;47m8[0;1;31;43m8[0;5;37;43m8[0;5;37;47mt[0m
[0;5;37;47mt[0;5;37;43m@[0;1;31;43m8[0;37;43mS[0;1;31;43m8[0;1;33;43mX[0;1;31;43m8[0;1;33;43m.[0;5;33;41m [0;5;37;43m@[0;1;31;43m8[0;37;43m@[0;1;33;43mt[0;1;31;43m8[0;5;33;43m [0;30;41m@[0;5;31;40m8[0;37;43mXX[0;5;33;41m [0;1;33;47m8[0;5;37;41m8[0;5;37;43m8[0;5;33;41m [0;1;33;47m8[0;1;31;43m8[0;37;43m@[0;1;33;47m8[0;5;33;41m8[0;5;33;40mS[0;1;30;41m@[0;31;43m8[0;5;33;43m [0;1;30;43m8[0;5;37;43m@[0;1;31;43m8[0;1;30;43m8[0;5;1;31;43m8[0;5;33;41mt[0;37;43mX[0;1;33;43m;[0;5;33;43m.[0;5;33;41mS[0;33;47m8[0;5;1;33;41m8[0;1;31;43m8[0;1;30;43m8[0;1;33;43m:[0;1;33;47mX[0;5;37;47mt[0m
[0;5;37;47m;[0;33;47m8[0;1;31;43m8[0;1;33;43m;[0;37;43m@[0;1;31;43m8[0;37;43m@[0;1;33;43m:[0;33;47m8[0;1;31;43m8[0;37;43mX[0;1;33;43m.[0;1;31;43m88[0;5;33;41mS[0;1;30;41mS[0;37;43m@[0;5;37;41m@[0;1;33;43m.[0;1;33;47m8[0;5;33;41m [0;1;33;47m88[0;33;47m8[0;5;33;41m.[0;33;47m8[0;5;33;41m:[0;1;33;47m8[0;1;31;43m8[0;1;30;41m8[0;31;43mX[0;5;33;41m [0;33;47m8[0;5;33;41m;[0;37;43mS[0;1;33;43mt[0;5;33;43m.[0;5;35;40m.[0;1;33;43m;[0;5;33;41m;[0;33;47m8[0;1;31;43m8[0;37;43m8[0;1;31;43m8[0;33;47m8[0;5;33;43m;[0;5;33;41m%[0;37;43mS[0;1;33;47m@[0;5;37;47mS[0m
[0;5;37;47m;[0;1;33;47m8[0;1;31;43m8[0;1;33;43m:[0;5;37;43m@[0;1;31;43m8[0;1;33;43m.[0;1;31;47m8[0;1;33;43m;[0;37;43mX[0;5;33;41m.[0;5;33;43mS[0;37;43m8[0;35;41mX[0;31;43mS[0;5;33;41mS[0;1;33;47m88[0;5;31;41m;[0;37;43mX[0;1;33;47m8[0;5;37;41m8[0;5;33;41m.[0;33;47m8[0;1;31;43m8[0;1;30;43mS[0;1;33;43m:[0;5;31;41m8[0;1;30;43m8[0;1;31;43m8[0;1;33;43m:[0;5;37;43m@[0;1;31;43m8[0;1;33;43mX[0;1;31;43m8[0;37;43m8[0;5;31;41mt[0;1;31;43m8[0;37;43mX[0;1;31;43m88[0;1;30;43m8[0;1;31;43m8[0;5;33;43m%[0;1;31;43m8[0;1;30;47m8[0;1;33;43m:[0;5;33;41m:[0;1;33;47mX[0;5;37;47m.[0m
[0;5;37;47mt[0;33;47m8[0;1;33;43m.[0;5;33;41m.[0;1;30;43m8[0;1;33;43m:[0;5;1;33;41m8[0;37;43mS[0;5;33;41m.[0;5;33;43m8[0;1;30;43m8[0;37;43mX[0;5;31;41mX[0;31;43m8[0;1;31;41m@[0;1;30;43mX[0;5;33;41m [0;1;33;47mS[0;37;43m@[0;5;31;41mt[0;1;31;43m8[0;1;33;47m@[0;5;37;43m8[0;5;33;41mX[0;1;30;43m8[0;5;33;41m@[0;5;33;40m8[0;1;31;43m8[0;1;33;43m:[0;1;31;43m88[0;37;43mXX[0;1;31;43m8[0;37;43m@[0;5;37;43m8[0;1;37;47mS[0;5;37;43m8[0;5;33;41m:[0;33;47m8[0;1;31;43m88[0;1;30;43m8[0;1;31;43m8[0;37;43m8[0;1;31;43m8[0;1;33;43m%;[0;1;33;47mS[0;5;37;47m;[0m
[0;5;37;47mt[0;5;37;43m8[0;1;31;43m8[0;1;33;43mX[0;1;31;43m8[0;33;47m8[0;1;31;43m8[0;1;33;43m%[0;37;43mS[0;1;33;43m:[0;5;33;41mt[0;1;30;43m8[0;1;31;41m8[0;31;43m8[0;1;31;41m@[0;1;30;43m@[0;1;31;43m8[0;1;33;47m88[0;37;43m@[0;1;31;41m8[0;33;41m8[0;1;31;41m@[0;31;43m8[0;30;41mS[0;33;41m@[0;1;31;43m8[0;37;43m@[0;1;31;43m8[0;37;43mX[0;1;33;43m.[0;5;33;41m [0;5;37;43m@[0;37;43m%[0;5;31;41m8[0;1;31;43m8[0;5;37;43m8[0;1;31;47m8[0;5;37;43m8[0;1;33;47m@[0;5;33;41m [0;1;33;43m%[0;5;33;41m%[0;1;30;43m8[0;1;33;43m:.[0;5;33;41m [0;1;33;43mS[0;1;33;47mS[0;5;37;47m%[0m
[0;5;37;47mt[0;33;47m8[0;1;31;43m8[0;1;30;43m8[0;1;33;43m;[0;1;31;43m8[0;1;33;43m;[0;5;33;41mS[0;1;30;43m8[0;5;31;41mX[0;1;30;43m8[0;1;31;41m8[0;33;41m8[0;5;33;41m8[0;31;43m8[0;5;31;41m@[0;5;33;43m;[0;5;35;41mt[0;1;33;47m8[0;5;33;41m.[0;33;47m8[0;31;43mX@[0;1;30;41m%%[0;1;33;43m:[0;5;31;41mS[0;1;30;43m8[0;5;37;43m@[0;5;33;41mt[0;1;33;47m8[0;1;30;43m8[0;1;33;43m.[0;1;33;47m8[0;33;47m8[0;5;1;33;41m8[0;1;30;43m8[0;5;33;41mX[0;33;47m8[0;5;1;33;41m8[0;37;43m@[0;1;31;43m8[0;1;30;43m8[0;5;33;41m;[0;1;33;47m8[0;37;43mX[0;5;37;43m@[0;1;31;43m8[0;1;33;47mS[0;5;37;47mt[0m
[0;5;37;47mt[0;5;37;43m@[0;1;31;43m8888[0;35;41m@[0;5;31;41m8[0;31;43m@[0;5;33;41m@8[0;1;31;43m88[0;1;31;41mX[0;1;31;43m8[0;1;30;41m8[0;1;31;43m8[0;37;43m@[0;1;31;47m8[0;5;37;43m@[0;5;33;41mX[0;1;30;43m8[0;5;33;41m;[0;1;30;43m8[0;31;43m@[0;5;33;41m.[0;1;30;43m8[0;1;31;41m8[0;1;30;43m8[0;1;33;43m:[0;1;31;43m8[0;5;37;43m@[0;5;33;41m%[0;1;33;43m;[0;5;37;41m8[0;5;37;43m8[0;1;33;47m@[0;1;31;47m8[0;5;1;33;41m8[0;37;43m@[0;5;33;41m%[0;1;30;43m@[0;5;33;41m%[0;1;33;43mX[0;1;31;43m8[0;37;43mS[0;1;31;43m8[0;1;30;43m8[0;1;33;47m@[0;5;37;47mt[0m
[0;5;37;47mt[0;37;43m@[0;1;31;43m8[0;31;43m8[0;5;31;41mX[0;1;31;43m888[0;5;33;41m@[0;1;30;41m8[0;33;41m8[0;5;33;41mX[0;31;43m@[0;5;31;41m8[0;1;30;43m8[0;1;31;41m8[0;1;30;43m8[0;5;1;31;43mX[0;1;31;43m8[0;33;47m8[0;1;33;43m;[0;1;33;47m8[0;1;31;43m8[0;37;43m@[0;5;33;43m [0;35;41mS[0;33;41mSS[0;1;31;41m8[0;1;30;41m8[0;1;30;43m8[0;1;31;43m8[0;37;43m@[0;1;33;43m:[0;1;31;47m8[0;5;33;41m;[0;1;31;43m8[0;5;33;43m:[0;5;33;41mX[0;1;30;43m8[0;33;41m8[0;1;31;43m8[0;37;43mX[0;1;33;43m::[0;1;31;47m8[0;5;33;43mt[0;5;33;41mS[0;1;33;47m%[0;5;37;47m.[0m
[0;5;37;47mt[0;1;33;47m8[0;33;41m8[0;5;31;41m8[0;1;30;43m8[0;1;31;41m8[0;31;43m8[0;5;33;41m8[0;1;31;43m88[0;1;30;43m8[0;5;33;41m%[0;1;31;43m88[0;1;31;41m8[0;31;43m8[0;5;31;41m8[0;5;37;43mX[0;1;31;43m8[0;1;30;43m8[0;37;43m8[0;1;31;43m8[0;5;33;40m;[0;1;31;43m88[0;33;41mX[0;1;31;41m8[0;33;41m88[0;1;31;41m8[0;31;43m88[0;1;31;43m8[0;37;43mS[0;1;31;43m8[0;5;37;43m8[0;33;47m8[0;5;33;41m:[0;33;47m8[0;5;1;33;41m8[0;37;43m8[0;1;31;43m8[0;1;33;43m:[0;33;47m8[0;5;33;41m.[0;37;43mX[0;1;30;43m8[0;1;33;43m:[0;1;33;47mX[0;5;37;47mt[0m
[0;5;37;47mt[0;37;43mX[0;1;31;43m88[0;5;33;41mS[0;1;30;43m8[0;5;31;41m@[0;1;30;41m8[0;31;43m8[0;1;31;43m8[0;37;43m@S[0;5;31;41m@[0;1;31;43m88[0;1;31;41m8[0;31;43m8[0;1;31;41m8[0;5;37;43m@[0;1;31;43m8[0;5;31;40m8[0;5;33;40mt[0;5;31;40m8[0;1;30;43m8[0;5;33;41mt[0;1;30;43m8[0;1;31;41m8[0;1;30;43m8[0;37;43mX[0;1;33;43m:[0;5;33;41mX[0;33;41m8[0;1;31;41m8[0;33;47m8[0;37;43mS[0;1;33;47m8[0;5;37;41m8[0;5;37;43m8[0;1;33;47m8[0;1;31;47m8[0;1;31;43m8[0;5;37;43m@[0;5;33;41m;[0;1;33;43m%[0;37;43m@[0;5;33;43m;[0;5;33;41mS[0;1;33;43m.[0;1;33;47m@[0;5;37;47mX[0m
[0;5;37;47mt[0;37;43m@[0;1;31;43m8888[0;31;43m@[0;5;31;41m8[0;1;30;41m8[0;31;43mS[0;5;33;41mt[0;1;30;43m@[0;5;31;41m8[0;1;30;43m8[0;5;33;41mt[0;1;30;43m8[0;5;31;41mS[0;33;41m8[0;1;31;41m@[0;5;37;43m@[0;1;30;41mX[0;5;30;40mS[0;1;30;43m8[0;1;31;43m8[0;1;33;47m@[0;5;33;41m;[0;31;43m8[0;1;31;41m8[0;1;30;43m8[0;1;31;43m8[0;1;30;43m8[0;5;31;41m8[0;5;37;47m;[0;5;37;43m8[0;1;33;47mX[0;1;37;47m [0;5;37;43m8[0;1;37;47m [0;5;37;47m8[0;5;1;33;47m8[0;5;37;41m8[0;5;37;43m@8[0;5;33;41m [0;37;43mS[0;1;31;43m8[0;37;43m@[0;5;33;41m;[0;1;33;47m8[0;5;37;47m;[0m
[0;5;37;47mt[0;37;43m@[0;1;31;43m888[0;5;33;41m%[0;1;30;43m8[0;1;31;41m8[0;31;43m8[0;1;31;41mX[0;1;30;43m8[0;5;33;41m:[0;1;31;43m8[0;1;31;41m8[0;1;31;43m8[0;5;33;41mS[0;1;30;43m@[0;5;31;41mX[0;33;41m8[0;1;31;41m8[0;5;33;43mX[0;5;31;40m8[0;1;30;43m8[0;5;33;41m%[0;37;43m8[0;1;33;47mX[0;1;31;43m8[0;33;41m8[0;5;33;41m%[0;1;30;41m8[0;5;31;41m8[0;5;37;47mt[0;5;37;43m8[0;1;33;47mX[0;5;37;47m88[0;5;1;33;47m8[0;5;37;47m8[0;5;1;37;43m8[0;1;37;47m [0;5;1;31;43m8[0;5;37;43m8[0;1;33;47m8[0;5;37;43m@[0;5;33;41m [0;1;33;47m8[0;1;33;43m.;[0;1;33;47m8[0;5;37;47mS[0m
[0;5;37;47m;[0;37;43mX[0;1;31;43m8[0;37;43m@[0;5;33;41m.[0;1;30;43m8[0;5;31;41mS[0;31;43mX[0;1;31;41m8[0;31;43m8[0;1;31;41m8[0;31;43m%[0;5;33;41m@[0;31;43m@[0;1;31;41m8[0;31;43mS[0;5;33;41mt[0;31;43mS[0;5;31;41m@[0;1;30;43m8[0;1;31;41m8[0;1;33;43m;[0;5;33;41mS[0;31;43m8[0;1;31;41m8[0;1;30;43m8[0;1;33;47mS%[0;1;31;43m8[0;5;33;40m.[0;1;37;47m8[0;1;33;47mX8[0;1;37;47m [0;5;1;37;43m8[0;5;37;47m8[0;5;1;37;43m8[0;5;37;47m8[0;1;37;47m [0;5;1;31;43m8[0;5;37;43m8[0;5;37;41m8[0;5;1;33;41m8[0;1;33;47m@[0;5;37;43m8[0;5;1;33;41m8[0;1;31;43m88[0;1;33;47mX[0;5;37;47mt[0m
[0;5;37;47mt[0;37;43mX[0;5;33;41mX[0;1;31;43m8[0;37;43mX[0;5;33;41m:[0;1;30;43m@[0;5;31;41m8[0;1;30;43m@[0;1;31;41m@[0;33;41m@[0;1;31;41mX[0;1;31;43m8[0;5;31;41m8[0;31;43mX[0;5;31;41m@[0;1;30;43m8[0;5;33;41m;[0;1;31;43m8[0;1;31;41m8[0;33;41m8[0;5;31;41m8[0;1;33;43m%[0;1;30;41m8[0;1;31;41m8@[0;5;33;41mX[0;1;37;47m.[0;5;37;47m8[0;5;1;33;47m8[0;5;37;47m8[0;5;37;43m8[0;5;1;33;41m8[0;5;37;47m88[0;5;1;33;47m8[0;5;37;45m8[0;5;1;33;41m8X[0;5;37;43m8[0;5;1;33;41m8[0;1;33;47mX[0;5;37;43m8[0;5;1;33;41m8[0;1;33;47mSX[0;5;33;41m [0;1;33;43mS[0;33;47m8[0;5;37;47m.[0m
[0;5;37;47mt[0;37;43mX[0;31;43mS[0;5;33;41m.[0;1;33;43m.[0;5;33;41mt[0;1;30;43m@[0;5;31;41mX[0;31;43m8[0;1;31;41mX[0;33;41m8[0;1;30;41m@[0;33;41mX[0;5;33;41m@8[0;31;43m8[0;5;31;41mS[0;31;43m@[0;5;33;41m8[0;37;43m@[0;5;33;41m8[0;33;41m@[0;5;31;41m8[0;1;30;43m@[0;31;43m8[0;1;31;43m8[0;33;47m8[0;5;1;33;41m8[0;5;37;47m8[0;1;33;47mS[0;5;37;47m8[0;1;33;47m8[0;5;1;33;41m8[0;1;37;47m [0;5;1;33;41m888[0;5;33;41m  [0;5;37;43m8[0;1;33;47m8[0;5;31;41m [0;5;37;43m@[0;5;37;41m8[0;5;37;43mS8[0;1;33;47m8[0;5;33;41m8[0;33;47m8[0;5;37;47m.[0m
[0;5;37;47m;[0;1;30;43m8[0;1;31;43m8[0;37;43m8[0;5;33;41m.[0;1;33;43mS[0;5;33;41mt[0;1;30;43m8[0;5;33;41mS[0;1;30;43m@[0;1;31;41m8[0;33;41mX[0;1;31;41m%[0;1;30;41m8[0;5;31;41m8[0;33;41m8[0;1;31;43m8[0;33;47m8[0;5;33;41m%[0;31;43m8[0;5;31;41m8[0;1;30;43m8[0;1;31;43m8[0;1;33;47m8[0;5;37;41m8[0;37;43m@[0;5;33;41m.[0;1;33;47m8[0;1;37;47m.[0;5;1;37;43m8[0;1;37;47m [0;5;1;33;41m%[0;5;33;41m [0;5;1;33;41m@[0;5;33;41m [0;5;1;33;41m8[0;5;33;41m [0;1;33;43m%[0;1;31;43m8[0;5;33;41m [0;5;33;43m%[0;5;33;41m8[0;1;31;43m8[0;1;33;47m8[0;5;33;41m [0;5;37;43m8[0;5;33;41m.[0;1;33;43m;[0;33;47m8[0;5;37;47m:[0m
[0;5;37;47m;[0;37;43m@[0;1;31;43m8[0;5;37;43mX[0;1;33;43m;[0;5;37;43m8[0;1;33;43m.[0;5;1;31;43m8[0;37;43m@[0;1;31;43m8[0;31;43mX[0;1;31;41m@[0;33;41m8[0;1;30;41mS[0;33;41mX[0;1;31;43m8[0;1;33;47mS[0;5;37;43m8[0;1;33;47mXXS8[0;5;33;41m:[0;33;47m8[0;1;31;43m8[0;5;37;43m8[0;33;41m8[0;33;47m8[0;1;33;47mS[0;5;37;47m8[0;5;1;33;41m8[0;5;37;41m8[0;5;33;41m:[0;1;33;43m.[0;5;1;33;41m8[0;5;33;41m:[0;37;43mX[0;5;31;41m.[0;37;43m@[0;5;37;43m8[0;1;33;47m88X[0;5;37;43m@[0;5;33;41m [0;5;37;43m8[0;5;33;43mt[0;5;31;41m8[0;1;33;47m8[0;5;37;47mt[0m
[0;5;37;47m;[0;1;30;43m8[0;1;31;43m888[0;5;33;41m%[0;37;43m8[0;5;1;31;43m8[0;5;33;43m.[0;5;33;41m;[0;1;30;43m8[0;33;41mX[0;1;31;41mS[0;33;41m%[0;1;30;43m8[0;1;33;47m%@[0;1;31;47mX[0;5;37;43m8[0;5;37;41m8[0;1;33;47m8[0;5;33;41m.[0;33;47m8[0;5;37;43m@[0;5;33;41mX[0;33;41m8[0;5;31;41m8[0;1;31;41mX[0;5;31;41mX[0;1;31;47m8[0;1;33;47mS[0;5;33;41m;[0;1;33;47mX[0;5;37;41m8[0;1;31;43m8[0;1;33;47m8[0;1;31;47m8[0;37;43m@[0;5;37;43m@[0;5;33;41m [0;1;33;47m8[0;5;33;41m [0;5;37;43m@[0;5;33;41m.[0;5;37;43m8[0;1;31;43m8[0;33;47m8[0;1;31;43m8[0;33;47m8[0;5;37;47m [0m
[0;5;37;47m;[0;37;43m@[0;31;43m@[0;1;30;41m8[0;33;41m8[0;1;30;41m8[0;1;31;41m@[0;1;30;43m8[0;5;33;41mS[0;1;33;47m8[0;5;33;41mX[0;31;43m8[0;33;41m8[0;33;47m8[0;1;33;47m@[0;5;1;33;41m8[0;1;31;47mX[0;5;1;33;41m8[0;1;31;47m8[0;5;1;31;43m8[0;33;47m@[0;1;31;43m8[0;5;31;41m8[0;35;41mX[0;1;30;41m@[0;35;41m%[0;31;43m8[0;1;30;43m88[0;5;33;41m:[0;5;37;43m8[0;37;43m@[0;5;37;43m8[0;1;33;47m@[0;33;47m8[0;5;33;41m:[0;1;37;47mX[0;33;47m8[0;5;33;41m%[0;1;33;47m8[0;33;47m8[0;1;31;43m8[0;1;33;43m:[0;5;37;43m8[0;5;33;41mt[0;1;31;43m88[0;1;33;43m.[0;5;37;43m@[0;5;37;47m8[0m
[0;5;37;47m;[0;1;30;43m8[0;1;31;43m8[0;31;43mX[0;5;31;41m8[0;1;30;43m8[0;1;31;41m8[0;33;41m8[0;5;31;40m8[0;31;43m@[0;1;31;43m8[0;5;33;43m;[0;1;31;47m8[0;1;33;47m@[0;5;37;41m8[0;1;33;47m@[0;5;33;41m [0;1;33;47m8[0;5;33;41mX[0;5;33;40m%[0;5;31;41m8[0;1;30;41m@[0;33;41mS[0;35;41m:[0;30;41m.[0;31;43m8[0;33;47m8[0;5;1;33;41m8[0;33;47m8[0;5;33;43m:[0;5;33;41mS[0;37;43m@[0;5;33;41m [0;1;31;43m8[0;33;41m8[0;1;30;43m8[0;5;33;41mt[0;33;47m8[0;31;43m8[0;5;33;41m8[0;1;31;43m8[0;1;33;47m8[0;5;33;41m.[0;1;30;43m8[0;31;43m8[0;1;31;41m88[0;31;43mS[0;33;47m8[0;5;37;47m%[0m
[0;5;37;47m;[0;1;30;43m8[0;1;31;43m8[0;1;30;41m8[0;33;41m8X[0;31;43m@[0;5;31;41m8[0;1;31;43m8[0;31;43m8[0;5;37;43m8[0;5;33;41m [0;1;33;43m:[0;5;37;41m8[0;1;31;43m88[0;1;30;43m8[0;1;31;41mX[0;1;30;41mX[0;1;31;41mS[0;33;41mt[0;35;41m;[0;33;41m%[0;1;30;43m8[0;1;33;47m8[0;5;37;43m8[0;5;37;41m8[0;5;37;43m@[0;5;33;41m.[0;1;30;43m8[0;5;33;41m%[0;5;37;43m8[0;1;31;43m8[0;37;43mX[0;5;37;43m88[0;5;33;41m [0;5;37;43m@[0;1;31;43m8[0;33;47m8[0;1;31;43m88[0;1;30;43m8[0;5;31;41m:8[0;1;30;43m8[0;5;31;41mt[0;1;31;43m8[0;33;47m8[0;5;37;47m;[0m
[0;5;37;47m;[0;1;30;43m8[0;5;31;41m8[0;1;31;43m8[0;5;31;41m8[0;31;43m8[0;5;33;41m%[0;1;30;43m8[0;5;31;41mt[0;1;30;41mX[0;31;43mX[0;5;33;43m:[0;5;33;41m;[0;1;30;43m8[0;1;31;43m8[0;35;41m@[0;1;31;41mS[0;1;30;41mS[0;1;31;41mt[0;33;41mt[0;1;30;41mt[0;1;30;43m8[0;5;37;43m8[0;5;33;41m [0;37;43mX[0;5;33;41m [0;33;47m8[0;5;33;41m;[0;1;33;47m8[0;1;31;43m8[0;33;41m8[0;5;31;41m8[0;5;37;43m8[0;5;33;41m [0;5;37;43m8[0;5;33;41m.[0;5;33;43m8[0;37;43m8[0;5;33;41m [0;5;33;43m%[0;33;47m@[0;1;33;47mX[0;1;37;47m [0;5;37;43m@[0;5;31;41m@@[0;31;43m8[0;1;31;43m8[0;5;37;43m@[0;5;37;47m8[0m
[0;5;37;47m;[0;37;43mX[0;31;43mS[0;1;31;43m88[0;5;31;41m8[0;1;30;43m8[0;5;31;41m:[0;1;30;43mS[0;33;41m;[0;1;30;41m88[0;1;30;43m@[0;1;31;41m@[0;1;30;41mt[0;1;31;41mX[0;33;41m@[0;1;31;41m;[0;1;30;41m%.[0;31;43m8[0;5;37;43m8[0;5;33;41m [0;5;37;43m8[0;1;33;47m8[0;5;37;43mX[0;1;33;43m.[0;1;31;43m888[0;31;43m8[0;1;33;47m8[0;5;33;43m.[0;1;31;43m8[0;5;37;43m8[0;1;33;43m;[0;5;33;41m;[0;1;33;43mS[0;33;47m@[0;5;31;41m@[0;35;41mt[0;5;37;43m8[0;1;31;47m8[0;5;33;41m [0;37;43mX[0;5;33;41mX[0;5;31;41m8[0;31;43m;[0;33;47m8[0;5;37;47m%[0m
[0;5;37;47m;[0;1;30;43m8[0;5;33;41m%[0;37;43mX[0;5;31;41m8[0;1;30;43m8[0;5;31;41m:[0;1;31;43m8[0;5;31;41mX[0;1;30;41m8[0;31;40mX[0;33;41m@[0;5;31;41m8[0;1;30;41mS;[0;33;41mS%t;[0;35;41m:[0;1;31;43m8[0;1;33;47m8[0;5;37;43m@[0;1;31;43m8[0;33;47m8[0;5;1;33;41m@[0;1;31;47m8[0;1;33;43m:[0;5;33;41mt[0;1;30;43m8[0;1;33;47m8[0;5;33;41m [0;37;43m8[0;5;1;31;43m8[0;5;33;41m;[0;5;37;43m@[0;1;31;43m888[0;1;30;43m8[0;5;33;41m;[0;1;33;47m%[0;5;37;43m8[0;1;33;47m8[0;1;31;41m8[0;1;31;43m8[0;1;31;41m8[0;1;31;43m8[0;33;47m8[0;5;37;47m:[0m
[0;5;37;47m;[0;1;30;43m8[0;1;31;43m8[0;5;33;41m8[0;33;41m@[0;5;31;41m@[0;31;43m%[0;5;33;41m8[0;31;43m@[0;1;30;41mS[0;31;40m@[0;33;41mX@[0;1;31;41m@[0;33;41m%[0;1;30;41mt[0;35;41m;[0;1;30;41m;[0;1;31;41mt[0;1;30;41m%[0;1;31;43m8[0;1;33;47m8[0;5;33;41mt[0;1;33;47m8[0;5;33;41m:[0;37;43mX[0;5;33;41m.[0;37;43m@[0;5;33;41mt[0;5;37;43m8[0;5;1;31;43m8[0;1;33;47m8[0;5;33;41m.[0;5;37;43m8[0;1;30;43m8[0;5;33;41m%[0;37;43mX[0;1;31;43m8[0;1;33;47m8[0;33;47m8[0;1;31;43m8[0;1;33;47m8[0;5;33;41m [0;1;30;43m8[0;33;41m8[0;5;31;41m@[0;31;43m8[0;1;31;43m8[0;1;33;43mt[0;5;37;47m:[0m
[0;5;37;47mt[0;37;43mS[0;31;43m8[0;1;31;41m8[0;33;41m8[0;5;33;41m8[0;5;31;41m8[0;33;41m8[0;5;31;41mS[0;1;30;41m8[0;1;30;40m8[0;30;41m8[0;33;41m8[0;5;31;41m@[0;33;41m8[0;35;41m:[0;1;31;41m%[0;33;41mt[0;30;41m;[0;33;41mt[0;37;43m@[0;5;1;31;43m8[0;33;47m8[0;5;33;41m@[0;31;43m8[0;5;33;41m8[0;1;30;43m8[0;5;33;41m:[0;1;33;47m8[0;1;31;43m88[0;5;33;43m;[0;1;30;43m8[0;5;1;31;43m8[0;1;31;43m8[0;1;33;47m8[0;1;31;43m8[0;33;47m8[0;5;31;41mX[0;37;43mX[0;5;33;41mt[0;1;30;43m8[0;33;41m8[0;5;31;41mX[0;1;31;41m@[0;5;33;41m8[0;5;31;41m8[0;1;31;43m8[0;33;47m8[0;5;37;47m:[0m
[0;5;37;47mt[0;37;43mS[0;5;31;41m8[0;33;41m8[0;1;31;41m8[0;31;43m8[0;5;33;41m@[0;1;31;43m8[0;31;43m@[0;33;41mt[0;1;30;40m8[0;30;41m8[0;5;31;40mX[0;33;41m@[0;1;31;41m@[0;33;41m8:;[0;1;31;41m;[0;35;41m:[0;37;43m@[0;5;1;31;43m8[0;1;31;43m8[0;37;43m8[0;5;33;41mX[0;1;30;43m8[0;5;33;41m [0;1;33;47mX[0;1;31;43m8[0;1;33;43m.[0;5;33;41m [0;1;33;43m:[0;5;33;41m [0;1;30;43m8[0;5;33;41mt[0;1;30;43m8[0;5;33;41mt[0;31;43mX8[0;1;31;41mX[0;33;41m8[0;5;31;41mS[0;1;31;41m8[0;31;43m8[0;1;31;41m8[0;33;41m8[0;5;31;41mS[0;1;30;43mS[0;37;43m@[0;5;37;47mt[0m
[0;5;37;47m;[0;1;30;43m8@[0;33;47m8[0;37;43m@[0;33;47m8[0;1;31;43m8[0;33;47m8[0;1;31;43m8[0;1;30;43m888888[0;37;43mX[0;1;31;43m8[0;1;30;43m88[0;1;31;43m8[0;33;47m88[0;1;33;47m8[0;5;33;41m;[0;33;47m8[0;1;33;47m88[0;37;43m8[0;1;33;47m8[0;1;31;43m8[0;37;43m8[0;1;31;43m8[0;37;43mX[0;1;33;43m.[0;5;37;43m8[0;1;31;43m8[0;37;43mX[0;1;31;43m8[0;1;30;43m8[0;1;31;43m8[0;37;43m@[0;1;31;43m8[0;1;30;43m8[0;1;31;43m8[0;37;43m@[0;1;31;43m8[0;37;43mX[0;5;33;41m%[0;37;43mX[0;5;37;47m:[0m
[0;5;37;47m;%@8888@SXXSXS@8S8@@888:8[0;1;37;47m@[0;5;37;47m888XXt@8[0;1;37;47mS[0;5;37;47mX@X@X@%SS@@8SX:[0m