RA_{0} = 349.4
RAfinal = 352.3
DEC_{0} = 57.4
DECfinal = 60.1
    Date/Time    AZ (Deg)  EL (Deg)  RA(Deg)  DEC(deg)
-------------------------------------------------------------------------
2019-11-08T14:45:00.000 041.1056 035.4845 349.400 057.400
2019-11-08T14:45:02.000 041.1101 035.7714 349.400 057.500
2019-11-08T14:45:04.000 040.9969 035.8113 349.400 057.600
2019-11-08T14:45:06.000 040.8836 035.8510 349.400 057.700
2019-11-08T14:45:08.000 040.7701 035.8906 349.400 057.800
2019-11-08T14:45:10.000 040.6565 035.9301 349.400 057.900
2019-11-08T14:45:12.000 040.5428 035.9694 349.400 058.000
2019-11-08T14:45:14.000 040.4290 036.0086 349.400 058.100
2019-11-08T14:45:16.000 040.3150 036.0477 349.400 058.200
2019-11-08T14:45:18.000 040.2010 036.0867 349.400 058.300
2019-11-08T14:45:20.000 040.0868 036.1255 349.400 058.400
2019-11-08T14:45:22.000 039.9724 036.1642 349.400 058.500
2019-11-08T14:45:24.000 039.8580 036.2027 349.400 058.600
2019-11-08T14:45:26.000 039.7434 036.2411 349.400 058.700
2019-11-08T14:45:28.000 039.6287 036.2794 349.400 058.800
2019-11-08T14:45:30.000 039.5139 036.3176 349.400 058.900
2019-11-08T14:45:32.000 039.3989 036.3556 349.400 059.000
2019-11-08T14:45:34.000 039.2839 036.3935 349.400 059.100
2019-11-08T14:45:36.000 039.1687 036.4312 349.400 059.200
2019-11-08T14:45:38.000 039.0534 036.4689 349.400 059.300
2019-11-08T14:45:40.000 038.9379 036.5064 349.400 059.400
2019-11-08T14:45:42.000 038.8224 036.5437 349.400 059.500
2019-11-08T14:45:44.000 038.7067 036.5809 349.400 059.600
2019-11-08T14:45:46.000 038.5909 036.6180 349.400 059.700
2019-11-08T14:45:48.000 038.4750 036.6549 349.400 059.800
2019-11-08T14:45:50.000 038.3589 036.6918 349.400 059.900
2019-11-08T14:45:52.000 038.2427 036.7284 349.400 060.000
2019-11-08T14:45:54.000 038.1265 036.7650 349.400 060.100
2019-11-08T14:45:56.000 038.1079 036.7218 349.500 060.100
2019-11-08T14:45:58.000 038.2274 036.6930 349.500 060.000
2019-11-08T14:45:59.321 038.3469 036.6641 349.500 059.900
2019-11-08T14:46:01.321 038.4657 036.6338 349.500 059.800
2019-11-08T14:46:03.321 038.5851 036.6047 349.500 059.700
2019-11-08T14:46:05.321 038.7043 036.5756 349.500 059.600
2019-11-08T14:46:07.321 038.8235 036.5463 349.500 059.500
2019-11-08T14:46:09.321 038.9426 036.5170 349.500 059.400
2019-11-08T14:46:11.321 039.0616 036.4875 349.500 059.300
2019-11-08T14:46:13.321 039.1805 036.4580 349.500 059.200
2019-11-08T14:46:15.321 039.2993 036.4284 349.500 059.100
2019-11-08T14:46:17.321 039.4181 036.3986 349.500 059.000
2019-11-08T14:46:19.321 039.5368 036.3688 349.500 058.900
2019-11-08T14:46:21.321 039.6554 036.3389 349.500 058.800
2019-11-08T14:46:23.321 039.7739 036.3089 349.500 058.700
2019-11-08T14:46:25.321 039.8923 036.2788 349.500 058.600
2019-11-08T14:46:27.321 040.0107 036.2486 349.500 058.500
2019-11-08T14:46:29.321 040.1290 036.2183 349.500 058.400
2019-11-08T14:46:31.321 040.2472 036.1879 349.500 058.300
2019-11-08T14:46:33.321 040.3653 036.1575 349.500 058.200
2019-11-08T14:46:35.321 040.4833 036.1269 349.500 058.100
2019-11-08T14:46:37.321 040.6012 036.0962 349.500 058.000
2019-11-08T14:46:39.321 040.7191 036.0655 349.500 057.900
2019-11-08T14:46:41.321 040.8369 036.0346 349.500 057.800
2019-11-08T14:46:43.321 040.9546 036.0037 349.500 057.700
2019-11-08T14:46:45.321 041.0722 035.9727 349.500 057.600
2019-11-08T14:46:47.321 041.1898 035.9416 349.500 057.500
2019-11-08T14:46:49.321 041.3072 035.9104 349.500 057.400
2019-11-08T14:46:51.321 041.2856 035.8642 349.600 057.400
2019-11-08T14:46:53.321 041.1721 035.9039 349.600 057.500
2019-11-08T14:46:55.321 041.0586 035.9434 349.600 057.600
2019-11-08T14:46:57.321 040.9449 035.9829 349.600 057.700
2019-11-08T14:46:58.642 040.8311 036.0222 349.600 057.800
2019-11-08T14:47:00.642 040.7165 036.0599 349.600 057.900
2019-11-08T14:47:02.642 040.6025 036.0990 349.600 058.000
2019-11-08T14:47:04.642 040.4883 036.1379 349.600 058.100
2019-11-08T14:47:06.642 040.3740 036.1766 349.600 058.200
2019-11-08T14:47:08.642 040.2596 036.2153 349.600 058.300
2019-11-08T14:47:10.642 040.1450 036.2538 349.600 058.400
2019-11-08T14:47:12.642 040.0303 036.2922 349.600 058.500
2019-11-08T14:47:14.642 039.9156 036.3304 349.600 058.600
2019-11-08T14:47:16.642 039.8006 036.3685 349.600 058.700
2019-11-08T14:47:18.642 039.6856 036.4065 349.600 058.800
2019-11-08T14:47:20.642 039.5704 036.4444 349.600 058.900
2019-11-08T14:47:22.642 039.4551 036.4821 349.600 059.000
2019-11-08T14:47:24.642 039.3397 036.5196 349.600 059.100
2019-11-08T14:47:26.642 039.2242 036.5571 349.600 059.200
2019-11-08T14:47:28.642 039.1085 036.5944 349.600 059.300
2019-11-08T14:47:30.642 038.9928 036.6316 349.600 059.400
2019-11-08T14:47:32.642 038.8768 036.6686 349.600 059.500
2019-11-08T14:47:34.642 038.7608 036.7055 349.600 059.600
2019-11-08T14:47:36.642 038.6447 036.7423 349.600 059.700
2019-11-08T14:47:38.642 038.5284 036.7789 349.600 059.800
2019-11-08T14:47:40.642 038.4120 036.8154 349.600 059.900
2019-11-08T14:47:42.642 038.2955 036.8517 349.600 060.000
2019-11-08T14:47:44.642 038.1789 036.8880 349.600 060.100
2019-11-08T14:47:46.642 038.1604 036.8447 349.700 060.100
2019-11-08T14:47:48.642 038.2803 036.8163 349.700 060.000
2019-11-08T14:47:50.642 038.4001 036.7877 349.700 059.900
2019-11-08T14:47:52.642 038.5198 036.7591 349.700 059.800
2019-11-08T14:47:54.642 038.6395 036.7303 349.700 059.700
2019-11-08T14:47:56.642 038.7591 036.7015 349.700 059.600
2019-11-08T14:47:57.962 038.8785 036.6726 349.700 059.500
2019-11-08T14:47:59.962 038.9973 036.6422 349.700 059.400
2019-11-08T14:48:01.962 039.1167 036.6131 349.700 059.300
2019-11-08T14:48:03.962 039.2359 036.5839 349.700 059.200
2019-11-08T14:48:05.962 039.3551 036.5545 349.700 059.100
2019-11-08T14:48:07.962 039.4741 036.5251 349.700 059.000
2019-11-08T14:48:09.962 039.5931 036.4956 349.700 058.900
2019-11-08T14:48:11.962 039.7121 036.4660 349.700 058.800
2019-11-08T14:48:13.962 039.8309 036.4364 349.700 058.700
2019-11-08T14:48:15.962 039.9497 036.4066 349.700 058.600
2019-11-08T14:48:17.962 040.0683 036.3767 349.700 058.500
2019-11-08T14:48:19.962 040.1869 036.3467 349.700 058.400
2019-11-08T14:48:21.962 040.3054 036.3167 349.700 058.300
2019-11-08T14:48:23.962 040.4239 036.2865 349.700 058.200
2019-11-08T14:48:25.962 040.5422 036.2562 349.700 058.100
2019-11-08T14:48:27.962 040.6605 036.2259 349.700 058.000
2019-11-08T14:48:29.962 040.7787 036.1955 349.700 057.900
2019-11-08T14:48:31.962 040.8968 036.1649 349.700 057.800
2019-11-08T14:48:33.962 041.0148 036.1343 349.700 057.700
2019-11-08T14:48:35.962 041.1327 036.1036 349.700 057.600
2019-11-08T14:48:37.962 041.2506 036.0728 349.700 057.500
2019-11-08T14:48:39.962 041.3684 036.0419 349.700 057.400
2019-11-08T14:48:41.962 041.3469 035.9957 349.800 057.400
2019-11-08T14:48:43.962 041.2331 036.0351 349.800 057.500
2019-11-08T14:48:45.962 041.1192 036.0743 349.800 057.600
2019-11-08T14:48:47.962 041.0051 036.1134 349.800 057.700
2019-11-08T14:48:49.962 040.8910 036.1524 349.800 057.800
2019-11-08T14:48:51.962 040.7767 036.1913 349.800 057.900
2019-11-08T14:48:53.962 040.6623 036.2300 349.800 058.000
2019-11-08T14:48:55.962 040.5478 036.2686 349.800 058.100
2019-11-08T14:48:57.283 040.4331 036.3071 349.800 058.200
2019-11-08T14:48:59.283 040.3177 036.3440 349.800 058.300
2019-11-08T14:49:01.283 040.2029 036.3823 349.800 058.400
2019-11-08T14:49:03.283 040.0878 036.4203 349.800 058.500
2019-11-08T14:49:05.283 039.9727 036.4583 349.800 058.600
2019-11-08T14:49:07.283 039.8574 036.4961 349.800 058.700
2019-11-08T14:49:09.283 039.7420 036.5337 349.800 058.800
2019-11-08T14:49:11.283 039.6265 036.5713 349.800 058.900
2019-11-08T14:49:13.283 039.5109 036.6087 349.800 059.000
2019-11-08T14:49:15.283 039.3951 036.6459 349.800 059.100
2019-11-08T14:49:17.283 039.2793 036.6831 349.800 059.200
2019-11-08T14:49:19.283 039.1633 036.7201 349.800 059.300
2019-11-08T14:49:21.283 039.0471 036.7569 349.800 059.400
2019-11-08T14:49:23.283 038.9309 036.7936 349.800 059.500
2019-11-08T14:49:25.283 038.8145 036.8302 349.800 059.600
2019-11-08T14:49:27.283 038.6980 036.8667 349.800 059.700
2019-11-08T14:49:29.283 038.5814 036.9030 349.800 059.800
2019-11-08T14:49:31.283 038.4647 036.9392 349.800 059.900
2019-11-08T14:49:33.283 038.3478 036.9752 349.800 060.000
2019-11-08T14:49:35.283 038.2308 037.0111 349.800 060.100
2019-11-08T14:49:37.283 038.2126 036.9678 349.900 060.100
2019-11-08T14:49:39.283 038.3327 036.9397 349.900 060.000
2019-11-08T14:49:41.283 038.4529 036.9115 349.900 059.900
2019-11-08T14:49:43.283 038.5729 036.8831 349.900 059.800
2019-11-08T14:49:45.283 038.6929 036.8547 349.900 059.700
2019-11-08T14:49:47.283 038.8128 036.8262 349.900 059.600
2019-11-08T14:49:49.283 038.9326 036.7976 349.900 059.500
2019-11-08T14:49:51.283 039.0523 036.7689 349.900 059.400
2019-11-08T14:49:53.283 039.1719 036.7401 349.900 059.300
2019-11-08T14:49:55.283 039.2915 036.7112 349.900 059.200
2019-11-08T14:49:56.604 039.4110 036.6823 349.900 059.100
2019-11-08T14:49:58.604 039.5298 036.6518 349.900 059.000
2019-11-08T14:50:00.604 039.6491 036.6226 349.900 058.900
2019-11-08T14:50:02.604 039.7683 036.5933 349.900 058.800
2019-11-08T14:50:04.604 039.8875 036.5640 349.900 058.700
2019-11-08T14:50:06.604 040.0065 036.5345 349.900 058.600
2019-11-08T14:50:08.604 040.1255 036.5049 349.900 058.500
2019-11-08T14:50:10.604 040.2444 036.4753 349.900 058.400
2019-11-08T14:50:12.604 040.3633 036.4455 349.900 058.300
2019-11-08T14:50:14.604 040.4820 036.4157 349.900 058.200
2019-11-08T14:50:16.604 040.6007 036.3858 349.900 058.100
2019-11-08T14:50:18.604 040.7193 036.3557 349.900 058.000
2019-11-08T14:50:20.604 040.8378 036.3256 349.900 057.900
2019-11-08T14:50:22.604 040.9562 036.2954 349.900 057.800
2019-11-08T14:50:24.604 041.0745 036.2651 349.900 057.700
2019-11-08T14:50:26.604 041.1928 036.2347 349.900 057.600
2019-11-08T14:50:28.604 041.3110 036.2042 349.900 057.500
2019-11-08T14:50:30.604 041.4291 036.1736 349.900 057.400
2019-11-08T14:50:32.604 041.4077 036.1273 350.000 057.400
2019-11-08T14:50:34.604 041.2936 036.1664 350.000 057.500
2019-11-08T14:50:36.604 041.1794 036.2054 350.000 057.600
2019-11-08T14:50:38.604 041.0650 036.2442 350.000 057.700
2019-11-08T14:50:40.604 040.9505 036.2829 350.000 057.800
2019-11-08T14:50:42.604 040.8359 036.3214 350.000 057.900
2019-11-08T14:50:44.604 040.7211 036.3599 350.000 058.000
2019-11-08T14:50:46.604 040.6062 036.3982 350.000 058.100
2019-11-08T14:50:48.604 040.4912 036.4363 350.000 058.200
2019-11-08T14:50:50.604 040.3761 036.4744 350.000 058.300
2019-11-08T14:50:52.604 040.2609 036.5123 350.000 058.400
2019-11-08T14:50:54.604 040.1455 036.5500 350.000 058.500
2019-11-08T14:50:55.925 040.0300 036.5877 350.000 058.600
2019-11-08T14:50:57.925 039.9138 036.6238 350.000 058.700
2019-11-08T14:50:59.925 039.7981 036.6611 350.000 058.800
2019-11-08T14:51:01.925 039.6822 036.6983 350.000 058.900
2019-11-08T14:51:03.925 039.5662 036.7354 350.000 059.000
2019-11-08T14:51:05.925 039.4501 036.7724 350.000 059.100
2019-11-08T14:51:07.925 039.3339 036.8092 350.000 059.200
2019-11-08T14:51:09.925 039.2175 036.8459 350.000 059.300
2019-11-08T14:51:11.925 039.1011 036.8824 350.000 059.400
2019-11-08T14:51:13.925 038.9845 036.9188 350.000 059.500
2019-11-08T14:51:15.925 038.8678 036.9551 350.000 059.600
2019-11-08T14:51:17.925 038.7509 036.9912 350.000 059.700
2019-11-08T14:51:19.925 038.6340 037.0272 350.000 059.800
2019-11-08T14:51:21.925 038.5169 037.0631 350.000 059.900
2019-11-08T14:51:23.925 038.3997 037.0988 350.000 060.000
2019-11-08T14:51:25.925 038.2824 037.1344 350.000 060.100
2019-11-08T14:51:27.925 038.2642 037.0910 350.100 060.100
2019-11-08T14:51:29.925 038.3847 037.0632 350.100 060.000
2019-11-08T14:51:31.925 038.5052 037.0353 350.100 059.900
2019-11-08T14:51:33.925 038.6255 037.0074 350.100 059.800
2019-11-08T14:51:35.925 038.7458 036.9793 350.100 059.700
2019-11-08T14:51:37.925 038.8660 036.9511 350.100 059.600
2019-11-08T14:51:39.925 038.9861 036.9228 350.100 059.500
2019-11-08T14:51:41.925 039.1062 036.8944 350.100 059.400
2019-11-08T14:51:43.925 039.2261 036.8660 350.100 059.300
2019-11-08T14:51:45.925 039.3460 036.8374 350.100 059.200
2019-11-08T14:51:47.925 039.4658 036.8087 350.100 059.100
2019-11-08T14:51:49.925 039.5855 036.7800 350.100 059.000
2019-11-08T14:51:51.925 039.7052 036.7511 350.100 058.900
2019-11-08T14:51:53.925 039.8247 036.7222 350.100 058.800
2019-11-08T14:51:55.245 039.9442 036.6931 350.100 058.700
2019-11-08T14:51:57.245 040.0630 036.6626 350.100 058.600
2019-11-08T14:51:59.245 040.1823 036.6334 350.100 058.500
2019-11-08T14:52:01.245 040.3015 036.6040 350.100 058.400
2019-11-08T14:52:03.245 040.4207 036.5746 350.100 058.300
2019-11-08T14:52:05.245 040.5398 036.5451 350.100 058.200
2019-11-08T14:52:07.245 040.6587 036.5154 350.100 058.100
2019-11-08T14:52:09.245 040.7777 036.4857 350.100 058.000
2019-11-08T14:52:11.245 040.8965 036.4559 350.100 057.900
2019-11-08T14:52:13.245 041.0152 036.4260 350.100 057.800
2019-11-08T14:52:15.245 041.1339 036.3960 350.100 057.700
2019-11-08T14:52:17.245 041.2525 036.3659 350.100 057.600
2019-11-08T14:52:19.245 041.3710 036.3357 350.100 057.500
2019-11-08T14:52:21.245 041.4894 036.3054 350.100 057.400
2019-11-08T14:52:23.245 041.4682 036.2591 350.200 057.400
2019-11-08T14:52:25.245 041.3537 036.2979 350.200 057.500
2019-11-08T14:52:27.245 041.2391 036.3366 350.200 057.600
2019-11-08T14:52:29.245 041.1244 036.3751 350.200 057.700
2019-11-08T14:52:31.245 041.0095 036.4135 350.200 057.800
2019-11-08T14:52:33.245 040.8946 036.4517 350.200 057.900
2019-11-08T14:52:35.245 040.7795 036.4899 350.200 058.000
2019-11-08T14:52:37.245 040.6642 036.5279 350.200 058.100
2019-11-08T14:52:39.245 040.5489 036.5657 350.200 058.200
2019-11-08T14:52:41.245 040.4334 036.6034 350.200 058.300
2019-11-08T14:52:43.245 040.3178 036.6410 350.200 058.400
2019-11-08T14:52:45.245 040.2021 036.6785 350.200 058.500
2019-11-08T14:52:47.245 040.0863 036.7158 350.200 058.600
2019-11-08T14:52:49.245 039.9703 036.7530 350.200 058.700
2019-11-08T14:52:51.245 039.8542 036.7900 350.200 058.800
2019-11-08T14:52:53.245 039.7380 036.8269 350.200 058.900
2019-11-08T14:52:54.566 039.6217 036.8637 350.200 059.000
2019-11-08T14:52:56.566 039.5047 036.8990 350.200 059.100
2019-11-08T14:52:58.566 039.3881 036.9355 350.200 059.200
2019-11-08T14:53:00.566 039.2714 036.9719 350.200 059.300
2019-11-08T14:53:02.566 039.1546 037.0081 350.200 059.400
2019-11-08T14:53:04.566 039.0376 037.0442 350.200 059.500
2019-11-08T14:53:06.566 038.9206 037.0801 350.200 059.600
2019-11-08T14:53:08.566 038.8034 037.1159 350.200 059.700
2019-11-08T14:53:10.566 038.6861 037.1516 350.200 059.800
2019-11-08T14:53:12.566 038.5687 037.1871 350.200 059.900
2019-11-08T14:53:14.566 038.4511 037.2225 350.200 060.000
2019-11-08T14:53:16.566 038.3334 037.2578 350.200 060.100
2019-11-08T14:53:18.566 038.3155 037.2144 350.300 060.100
2019-11-08T14:53:20.566 038.4363 037.1869 350.300 060.000
2019-11-08T14:53:22.566 038.5571 037.1594 350.300 059.900
2019-11-08T14:53:24.566 038.6777 037.1317 350.300 059.800
2019-11-08T14:53:26.566 038.7983 037.1040 350.300 059.700
2019-11-08T14:53:28.566 038.9188 037.0761 350.300 059.600
2019-11-08T14:53:30.566 039.0393 037.0482 350.300 059.500
2019-11-08T14:53:32.566 039.1596 037.0201 350.300 059.400
2019-11-08T14:53:34.566 039.2799 036.9920 350.300 059.300
2019-11-08T14:53:36.566 039.4001 036.9637 350.300 059.200
2019-11-08T14:53:38.566 039.5202 036.9354 350.300 059.100
2019-11-08T14:53:40.566 039.6403 036.9069 350.300 059.000
2019-11-08T14:53:42.566 039.7602 036.8784 350.300 058.900
2019-11-08T14:53:44.566 039.8801 036.8498 350.300 058.800
2019-11-08T14:53:46.566 039.9999 036.8211 350.300 058.700
2019-11-08T14:53:48.566 040.1196 036.7922 350.300 058.600
2019-11-08T14:53:50.566 040.2392 036.7633 350.300 058.500
2019-11-08T14:53:52.566 040.3588 036.7343 350.300 058.400
2019-11-08T14:53:53.887 040.4783 036.7052 350.300 058.300
2019-11-08T14:53:55.887 040.5971 036.6746 350.300 058.200
2019-11-08T14:53:57.887 040.7164 036.6453 350.300 058.100
2019-11-08T14:53:59.887 040.8356 036.6159 350.300 058.000
2019-11-08T14:54:01.887 040.9547 036.5864 350.300 057.900
2019-11-08T14:54:03.887 041.0738 036.5568 350.300 057.800
2019-11-08T14:54:05.887 041.1928 036.5271 350.300 057.700
2019-11-08T14:54:07.887 041.3117 036.4973 350.300 057.600
2019-11-08T14:54:09.887 041.4305 036.4674 350.300 057.500
2019-11-08T14:54:11.887 041.5493 036.4375 350.300 057.400
2019-11-08T14:54:13.887 041.5282 036.3911 350.400 057.400
2019-11-08T14:54:15.887 041.4134 036.4296 350.400 057.500
2019-11-08T14:54:17.887 041.2984 036.4679 350.400 057.600
2019-11-08T14:54:19.887 041.1834 036.5061 350.400 057.700
2019-11-08T14:54:21.887 041.0682 036.5442 350.400 057.800
2019-11-08T14:54:23.887 040.9528 036.5822 350.400 057.900
2019-11-08T14:54:25.887 040.8374 036.6200 350.400 058.000
2019-11-08T14:54:27.887 040.7218 036.6577 350.400 058.100
2019-11-08T14:54:29.887 040.6061 036.6952 350.400 058.200
2019-11-08T14:54:31.887 040.4903 036.7327 350.400 058.300
2019-11-08T14:54:33.887 040.3744 036.7699 350.400 058.400
2019-11-08T14:54:35.887 040.2583 036.8071 350.400 058.500
2019-11-08T14:54:37.887 040.1421 036.8441 350.400 058.600
2019-11-08T14:54:39.887 040.0258 036.8810 350.400 058.700
2019-11-08T14:54:41.887 039.9094 036.9177 350.400 058.800
2019-11-08T14:54:43.887 039.7928 036.9543 350.400 058.900
2019-11-08T14:54:45.887 039.6761 036.9908 350.400 059.000
2019-11-08T14:54:47.887 039.5593 037.0271 350.400 059.100
2019-11-08T14:54:49.887 039.4424 037.0633 350.400 059.200
2019-11-08T14:54:51.887 039.3254 037.0993 350.400 059.300
2019-11-08T14:54:53.208 039.2082 037.1352 350.400 059.400
2019-11-08T14:54:55.208 039.0903 037.1696 350.400 059.500
2019-11-08T14:54:57.208 038.9729 037.2053 350.400 059.600
2019-11-08T14:54:59.208 038.8554 037.2408 350.400 059.700
2019-11-08T14:55:01.208 038.7377 037.2761 350.400 059.800
2019-11-08T14:55:03.208 038.6200 037.3113 350.400 059.900
2019-11-08T14:55:05.208 038.5021 037.3464 350.400 060.000
2019-11-08T14:55:07.208 038.3841 037.3813 350.400 060.100
2019-11-08T14:55:09.208 038.3663 037.3379 350.500 060.100
2019-11-08T14:55:11.208 038.4874 037.3108 350.500 060.000
2019-11-08T14:55:13.208 038.6085 037.2835 350.500 059.900
2019-11-08T14:55:15.208 038.7295 037.2562 350.500 059.800
2019-11-08T14:55:17.208 038.8504 037.2288 350.500 059.700
2019-11-08T14:55:19.208 038.9712 037.2013 350.500 059.600
2019-11-08T14:55:21.208 039.0920 037.1736 350.500 059.500
2019-11-08T14:55:23.208 039.2126 037.1459 350.500 059.400
2019-11-08T14:55:25.208 039.3332 037.1181 350.500 059.300
2019-11-08T14:55:27.208 039.4538 037.0902 350.500 059.200
2019-11-08T14:55:29.208 039.5742 037.0622 350.500 059.100
2019-11-08T14:55:31.208 039.6946 037.0340 350.500 059.000
2019-11-08T14:55:33.208 039.8148 037.0058 350.500 058.900
2019-11-08T14:55:35.208 039.9350 036.9775 350.500 058.800
2019-11-08T14:55:37.208 040.0551 036.9491 350.500 058.700
2019-11-08T14:55:39.208 040.1752 036.9206 350.500 058.600
2019-11-08T14:55:41.208 040.2951 036.8920 350.500 058.500
2019-11-08T14:55:43.208 040.4150 036.8633 350.500 058.400
2019-11-08T14:55:45.208 040.5348 036.8345 350.500 058.300
2019-11-08T14:55:47.208 040.6545 036.8056 350.500 058.200
2019-11-08T14:55:49.208 040.7742 036.7766 350.500 058.100
2019-11-08T14:55:51.208 040.8937 036.7476 350.500 058.000
2019-11-08T14:55:52.529 041.0132 036.7184 350.500 057.900
2019-11-08T14:55:54.529 041.1320 036.6877 350.500 057.800
2019-11-08T14:55:56.529 041.2513 036.6583 350.500 057.700
2019-11-08T14:55:58.529 041.3705 036.6288 350.500 057.600
2019-11-08T14:56:00.529 041.4896 036.5993 350.500 057.500
2019-11-08T14:56:02.529 041.6087 036.5696 350.500 057.400
2019-11-08T14:56:04.529 041.5878 036.5232 350.600 057.400
2019-11-08T14:56:06.529 041.4726 036.5614 350.600 057.500
2019-11-08T14:56:08.529 041.3573 036.5994 350.600 057.600
2019-11-08T14:56:10.529 041.2419 036.6373 350.600 057.700
2019-11-08T14:56:12.529 041.1264 036.6751 350.600 057.800
2019-11-08T14:56:14.529 041.0107 036.7128 350.600 057.900
2019-11-08T14:56:16.529 040.8949 036.7503 350.600 058.000
2019-11-08T14:56:18.529 040.7790 036.7877 350.600 058.100
2019-11-08T14:56:20.529 040.6629 036.8249 350.600 058.200
2019-11-08T14:56:22.529 040.5468 036.8620 350.600 058.300
2019-11-08T14:56:24.529 040.4305 036.8990 350.600 058.400
2019-11-08T14:56:26.529 040.3141 036.9358 350.600 058.500
2019-11-08T14:56:28.529 040.1975 036.9725 350.600 058.600
2019-11-08T14:56:30.529 040.0809 037.0091 350.600 058.700
2019-11-08T14:56:32.529 039.9641 037.0455 350.600 058.800
2019-11-08T14:56:34.529 039.8472 037.0818 350.600 058.900
2019-11-08T14:56:36.529 039.7301 037.1180 350.600 059.000
2019-11-08T14:56:38.529 039.6130 037.1540 350.600 059.100
2019-11-08T14:56:40.529 039.4957 037.1899 350.600 059.200
2019-11-08T14:56:42.529 039.3783 037.2256 350.600 059.300
2019-11-08T14:56:44.529 039.2608 037.2612 350.600 059.400
2019-11-08T14:56:46.529 039.1432 037.2966 350.600 059.500
2019-11-08T14:56:48.529 039.0254 037.3319 350.600 059.600
2019-11-08T14:56:50.529 038.9075 037.3671 350.600 059.700
2019-11-08T14:56:51.849 038.7895 037.4021 350.600 059.800
2019-11-08T14:56:53.849 038.6709 037.4357 350.600 059.900
2019-11-08T14:56:55.849 038.5526 037.4704 350.600 060.000
2019-11-08T14:56:57.849 038.4343 037.5050 350.600 060.100
2019-11-08T14:56:59.849 038.4166 037.4615 350.700 060.100
2019-11-08T14:57:01.849 038.5381 037.4347 350.700 060.000
2019-11-08T14:57:03.849 038.6595 037.4078 350.700 059.900
2019-11-08T14:57:05.849 038.7808 037.3808 350.700 059.800
2019-11-08T14:57:07.849 038.9020 037.3537 350.700 059.700
2019-11-08T14:57:09.849 039.0232 037.3266 350.700 059.600
2019-11-08T14:57:11.849 039.1442 037.2993 350.700 059.500
2019-11-08T14:57:13.849 039.2652 037.2719 350.700 059.400
2019-11-08T14:57:15.849 039.3861 037.2444 350.700 059.300
2019-11-08T14:57:17.849 039.5070 037.2168 350.700 059.200
2019-11-08T14:57:19.849 039.6277 037.1891 350.700 059.100
2019-11-08T14:57:21.849 039.7484 037.1613 350.700 059.000
2019-11-08T14:57:23.849 039.8690 037.1334 350.700 058.900
2019-11-08T14:57:25.849 039.9895 037.1054 350.700 058.800
2019-11-08T14:57:27.849 040.1100 037.0773 350.700 058.700
2019-11-08T14:57:29.849 040.2303 037.0491 350.700 058.600
2019-11-08T14:57:31.849 040.3506 037.0209 350.700 058.500
2019-11-08T14:57:33.849 040.4708 036.9925 350.700 058.400
2019-11-08T14:57:35.849 040.5909 036.9640 350.700 058.300
2019-11-08T14:57:37.849 040.7110 036.9354 350.700 058.200
2019-11-08T14:57:39.849 040.8309 036.9068 350.700 058.100
2019-11-08T14:57:41.849 040.9508 036.8780 350.700 058.000
2019-11-08T14:57:43.849 041.0706 036.8491 350.700 057.900
2019-11-08T14:57:45.849 041.1903 036.8202 350.700 057.800
2019-11-08T14:57:47.849 041.3099 036.7911 350.700 057.700
2019-11-08T14:57:49.849 041.4295 036.7620 350.700 057.600
2019-11-08T14:57:51.170 041.5490 036.7327 350.700 057.500
2019-11-08T14:57:53.170 041.6677 036.7019 350.700 057.400
2019-11-08T14:57:55.170 041.6470 036.6554 350.800 057.400
2019-11-08T14:57:57.170 041.5315 036.6933 350.800 057.500
2019-11-08T14:57:59.170 041.4158 036.7311 350.800 057.600
2019-11-08T14:58:01.170 041.3000 036.7687 350.800 057.700
2019-11-08T14:58:03.170 041.1841 036.8062 350.800 057.800
2019-11-08T14:58:05.170 041.0681 036.8435 350.800 057.900
2019-11-08T14:58:07.170 040.9520 036.8807 350.800 058.000
2019-11-08T14:58:09.170 040.8357 036.9178 350.800 058.100
2019-11-08T14:58:11.170 040.7193 036.9548 350.800 058.200
2019-11-08T14:58:13.170 040.6028 036.9916 350.800 058.300
2019-11-08T14:58:15.170 040.4861 037.0282 350.800 058.400
2019-11-08T14:58:17.170 040.3694 037.0648 350.800 058.500
2019-11-08T14:58:19.170 040.2525 037.1011 350.800 058.600
2019-11-08T14:58:21.170 040.1355 037.1374 350.800 058.700
2019-11-08T14:58:23.170 040.0183 037.1735 350.800 058.800
2019-11-08T14:58:25.170 039.9011 037.2095 350.800 058.900
2019-11-08T14:58:27.170 039.7837 037.2453 350.800 059.000
2019-11-08T14:58:29.170 039.6662 037.2810 350.800 059.100
2019-11-08T14:58:31.170 039.5486 037.3166 350.800 059.200
2019-11-08T14:58:33.170 039.4308 037.3520 350.800 059.300
2019-11-08T14:58:35.170 039.3130 037.3872 350.800 059.400
2019-11-08T14:58:37.170 039.1950 037.4224 350.800 059.500
2019-11-08T14:58:39.170 039.0769 037.4574 350.800 059.600
2019-11-08T14:58:41.170 038.9586 037.4922 350.800 059.700
2019-11-08T14:58:43.170 038.8403 037.5269 350.800 059.800
2019-11-08T14:58:45.170 038.7218 037.5615 350.800 059.900
2019-11-08T14:58:47.170 038.6032 037.5959 350.800 060.000
2019-11-08T14:58:49.170 038.4845 037.6302 350.800 060.100
2019-11-08T14:58:50.491 038.4670 037.5867 350.900 060.100
2019-11-08T14:58:52.491 038.5883 037.5588 350.900 060.000
2019-11-08T14:58:54.491 038.7100 037.5323 350.900 059.900
2019-11-08T14:58:56.491 038.8316 037.5056 350.900 059.800
2019-11-08T14:58:58.491 038.9532 037.4788 350.900 059.700
2019-11-08T14:59:00.491 039.0746 037.4520 350.900 059.600
2019-11-08T14:59:02.491 039.1960 037.4250 350.900 059.500
2019-11-08T14:59:04.491 039.3173 037.3979 350.900 059.400
2019-11-08T14:59:06.491 039.4386 037.3708 350.900 059.300
2019-11-08T14:59:08.491 039.5597 037.3435 350.900 059.200
2019-11-08T14:59:10.491 039.6808 037.3161 350.900 059.100
2019-11-08T14:59:12.491 039.8018 037.2887 350.900 059.000
2019-11-08T14:59:14.491 039.9227 037.2611 350.900 058.900
2019-11-08T14:59:16.491 040.0436 037.2334 350.900 058.800
2019-11-08T14:59:18.491 040.1643 037.2057 350.900 058.700
2019-11-08T14:59:20.491 040.2850 037.1778 350.900 058.600
2019-11-08T14:59:22.491 040.4056 037.1499 350.900 058.500
2019-11-08T14:59:24.491 040.5261 037.1218 350.900 058.400
2019-11-08T14:59:26.491 040.6466 037.0936 350.900 058.300
2019-11-08T14:59:28.491 040.7669 037.0654 350.900 058.200
2019-11-08T14:59:30.491 040.8872 037.0370 350.900 058.100
2019-11-08T14:59:32.491 041.0074 037.0086 350.900 058.000
2019-11-08T14:59:34.491 041.1275 036.9800 350.900 057.900
2019-11-08T14:59:36.491 041.2476 036.9514 350.900 057.800
2019-11-08T14:59:38.491 041.3675 036.9227 350.900 057.700
2019-11-08T14:59:40.491 041.4874 036.8938 350.900 057.600
2019-11-08T14:59:42.491 041.6072 036.8649 350.900 057.500
2019-11-08T14:59:44.491 041.7269 036.8358 350.900 057.400
2019-11-08T14:59:46.491 041.7064 036.7893 351.000 057.400
2019-11-08T14:59:48.491 041.5905 036.8269 351.000 057.500
2019-11-08T14:59:49.812 041.4745 036.8643 351.000 057.600
2019-11-08T14:59:51.812 041.3577 036.9002 351.000 057.700
2019-11-08T14:59:53.812 041.2415 036.9374 351.000 057.800
2019-11-08T14:59:55.812 041.1251 036.9744 351.000 057.900
2019-11-08T14:59:57.812 041.0086 037.0113 351.000 058.000
2019-11-08T14:59:59.812 040.8920 037.0481 351.000 058.100
2019-11-08T15:00:01.812 040.7752 037.0847 351.000 058.200
2019-11-08T15:00:03.812 040.6583 037.1212 351.000 058.300
2019-11-08T15:00:05.812 040.5413 037.1576 351.000 058.400
2019-11-08T15:00:07.812 040.4242 037.1938 351.000 058.500
2019-11-08T15:00:09.812 040.3070 037.2299 351.000 058.600
2019-11-08T15:00:11.812 040.1896 037.2658 351.000 058.700
2019-11-08T15:00:13.812 040.0721 037.3016 351.000 058.800
2019-11-08T15:00:15.812 039.9545 037.3373 351.000 058.900
2019-11-08T15:00:17.812 039.8368 037.3728 351.000 059.000
2019-11-08T15:00:19.812 039.7190 037.4082 351.000 059.100
2019-11-08T15:00:21.812 039.6010 037.4434 351.000 059.200
2019-11-08T15:00:23.812 039.4829 037.4785 351.000 059.300
2019-11-08T15:00:25.812 039.3647 037.5135 351.000 059.400
2019-11-08T15:00:27.812 039.2463 037.5483 351.000 059.500
2019-11-08T15:00:29.812 039.1279 037.5829 351.000 059.600
2019-11-08T15:00:31.812 039.0093 037.6175 351.000 059.700
2019-11-08T15:00:33.812 038.8906 037.6519 351.000 059.800
2019-11-08T15:00:35.812 038.7718 037.6861 351.000 059.900
2019-11-08T15:00:37.812 038.6529 037.7202 351.000 060.000
2019-11-08T15:00:39.812 038.5338 037.7542 351.000 060.100
2019-11-08T15:00:41.812 038.5165 037.7106 351.100 060.100
2019-11-08T15:00:43.812 038.6386 037.6844 351.100 060.000
2019-11-08T15:00:45.812 038.7606 037.6582 351.100 059.900
2019-11-08T15:00:47.812 038.8826 037.6319 351.100 059.800
2019-11-08T15:00:49.132 039.0044 037.6054 351.100 059.700
2019-11-08T15:00:51.132 039.1257 037.5775 351.100 059.600
2019-11-08T15:00:53.132 039.2474 037.5509 351.100 059.500
2019-11-08T15:00:55.132 039.3690 037.5242 351.100 059.400
2019-11-08T15:00:57.132 039.4906 037.4973 351.100 059.300
2019-11-08T15:00:59.132 039.6121 037.4704 351.100 059.200
2019-11-08T15:01:01.132 039.7335 037.4433 351.100 059.100
2019-11-08T15:01:03.132 039.8548 037.4162 351.100 059.000
2019-11-08T15:01:05.132 039.9760 037.3890 351.100 058.900
2019-11-08T15:01:07.132 040.0972 037.3616 351.100 058.800
2019-11-08T15:01:09.132 040.2183 037.3342 351.100 058.700
2019-11-08T15:01:11.132 040.3393 037.3066 351.100 058.600
2019-11-08T15:01:13.132 040.4602 037.2790 351.100 058.500
2019-11-08T15:01:15.132 040.5810 037.2513 351.100 058.400
2019-11-08T15:01:17.132 040.7018 037.2234 351.100 058.300
2019-11-08T15:01:19.132 040.8225 037.1955 351.100 058.200
2019-11-08T15:01:21.132 040.9431 037.1675 351.100 058.100
2019-11-08T15:01:23.132 041.0636 037.1393 351.100 058.000
2019-11-08T15:01:25.132 041.1841 037.1111 351.100 057.900
2019-11-08T15:01:27.132 041.3044 037.0828 351.100 057.800
2019-11-08T15:01:29.132 041.4247 037.0543 351.100 057.700
2019-11-08T15:01:31.132 041.5449 037.0258 351.100 057.600
2019-11-08T15:01:33.132 041.6650 036.9972 351.100 057.500
2019-11-08T15:01:35.132 041.7851 036.9685 351.100 057.400
2019-11-08T15:01:37.132 041.7647 036.9219 351.200 057.400
2019-11-08T15:01:39.132 041.6484 036.9591 351.200 057.500
2019-11-08T15:01:41.132 041.5321 036.9963 351.200 057.600
2019-11-08T15:01:43.132 041.4156 037.0333 351.200 057.700
2019-11-08T15:01:45.132 041.2990 037.0702 351.200 057.800
2019-11-08T15:01:47.132 041.1822 037.1069 351.200 057.900
2019-11-08T15:01:48.453 041.0654 037.1435 351.200 058.000
2019-11-08T15:01:50.453 040.9478 037.1785 351.200 058.100
2019-11-08T15:01:52.453 040.8307 037.2149 351.200 058.200
2019-11-08T15:01:54.453 040.7135 037.2510 351.200 058.300
2019-11-08T15:01:56.453 040.5961 037.2871 351.200 058.400
2019-11-08T15:01:58.453 040.4787 037.3230 351.200 058.500
2019-11-08T15:02:00.453 040.3611 037.3588 351.200 058.600
2019-11-08T15:02:02.453 040.2434 037.3944 351.200 058.700
2019-11-08T15:02:04.453 040.1255 037.4299 351.200 058.800
2019-11-08T15:02:06.453 040.0076 037.4652 351.200 058.900
2019-11-08T15:02:08.453 039.8895 037.5004 351.200 059.000
2019-11-08T15:02:10.453 039.7713 037.5355 351.200 059.100
2019-11-08T15:02:12.453 039.6530 037.5704 351.200 059.200
2019-11-08T15:02:14.453 039.5345 037.6052 351.200 059.300
2019-11-08T15:02:16.453 039.4159 037.6398 351.200 059.400
2019-11-08T15:02:18.453 039.2973 037.6743 351.200 059.500
2019-11-08T15:02:20.453 039.1785 037.7087 351.200 059.600
2019-11-08T15:02:22.453 039.0595 037.7429 351.200 059.700
2019-11-08T15:02:24.453 038.9405 037.7769 351.200 059.800
2019-11-08T15:02:26.453 038.8213 037.8109 351.200 059.900
2019-11-08T15:02:28.453 038.7020 037.8446 351.200 060.000
2019-11-08T15:02:30.453 038.5826 037.8783 351.200 060.100
2019-11-08T15:02:32.453 038.5655 037.8346 351.300 060.100
2019-11-08T15:02:34.453 038.6879 037.8088 351.300 060.000
2019-11-08T15:02:36.453 038.8102 037.7829 351.300 059.900
2019-11-08T15:02:38.453 038.9325 037.7569 351.300 059.800
2019-11-08T15:02:40.453 039.0547 037.7308 351.300 059.700
2019-11-08T15:02:42.453 039.1768 037.7046 351.300 059.600
2019-11-08T15:02:44.453 039.2988 037.6783 351.300 059.500
2019-11-08T15:02:46.453 039.4208 037.6519 351.300 059.400
2019-11-08T15:02:47.774 039.5427 037.6254 351.300 059.300
2019-11-08T15:02:49.774 039.6639 037.5974 351.300 059.200
2019-11-08T15:02:51.774 039.7856 037.5707 351.300 059.100
2019-11-08T15:02:53.774 039.9073 037.5439 351.300 059.000
2019-11-08T15:02:55.774 040.0289 037.5170 351.300 058.900
2019-11-08T15:02:57.774 040.1503 037.4899 351.300 058.800
2019-11-08T15:02:59.774 040.2717 037.4628 351.300 058.700
2019-11-08T15:03:01.774 040.3931 037.4356 351.300 058.600
2019-11-08T15:03:03.774 040.5143 037.4083 351.300 058.500
2019-11-08T15:03:05.774 040.6355 037.3809 351.300 058.400
2019-11-08T15:03:07.774 040.7566 037.3534 351.300 058.300
2019-11-08T15:03:09.774 040.8776 037.3257 351.300 058.200
2019-11-08T15:03:11.774 040.9985 037.2980 351.300 058.100
2019-11-08T15:03:13.774 041.1194 037.2702 351.300 058.000
2019-11-08T15:03:15.774 041.2401 037.2423 351.300 057.900
2019-11-08T15:03:17.774 041.3608 037.2143 351.300 057.800
2019-11-08T15:03:19.774 041.4814 037.1862 351.300 057.700
2019-11-08T15:03:21.774 041.6020 037.1580 351.300 057.600
2019-11-08T15:03:23.774 041.7224 037.1296 351.300 057.500
2019-11-08T15:03:25.774 041.8428 037.1012 351.300 057.400
2019-11-08T15:03:27.774 041.8225 037.0546 351.400 057.400
2019-11-08T15:03:29.774 041.7059 037.0916 351.400 057.500
2019-11-08T15:03:31.774 041.5892 037.1284 351.400 057.600
2019-11-08T15:03:33.774 041.4724 037.1651 351.400 057.700
2019-11-08T15:03:35.774 041.3554 037.2017 351.400 057.800
2019-11-08T15:03:37.774 041.2383 037.2381 351.400 057.900
2019-11-08T15:03:39.774 041.1211 037.2744 351.400 058.000
2019-11-08T15:03:41.774 041.0038 037.3105 351.400 058.100
2019-11-08T15:03:43.774 040.8863 037.3465 351.400 058.200
2019-11-08T15:03:45.774 040.7687 037.3824 351.400 058.300
2019-11-08T15:03:47.095 040.6510 037.4181 351.400 058.400
2019-11-08T15:03:49.095 040.5326 037.4523 351.400 058.500
2019-11-08T15:03:51.095 040.4147 037.4878 351.400 058.600
2019-11-08T15:03:53.095 040.2966 037.5231 351.400 058.700
2019-11-08T15:03:55.095 040.1784 037.5583 351.400 058.800
2019-11-08T15:03:57.095 040.0601 037.5933 351.400 058.900
2019-11-08T15:03:59.095 039.9417 037.6282 351.400 059.000
2019-11-08T15:04:01.095 039.8231 037.6629 351.400 059.100
2019-11-08T15:04:03.095 039.7045 037.6975 351.400 059.200
2019-11-08T15:04:05.095 039.5857 037.7320 351.400 059.300
2019-11-08T15:04:07.095 039.4668 037.7663 351.400 059.400
2019-11-08T15:04:09.095 039.3477 037.8005 351.400 059.500
2019-11-08T15:04:11.095 039.2286 037.8345 351.400 059.600
2019-11-08T15:04:13.095 039.1093 037.8684 351.400 059.700
2019-11-08T15:04:15.095 038.9899 037.9021 351.400 059.800
2019-11-08T15:04:17.095 038.8704 037.9357 351.400 059.900
2019-11-08T15:04:19.095 038.7507 037.9692 351.400 060.000
2019-11-08T15:04:21.095 038.6310 038.0025 351.400 060.100
2019-11-08T15:04:23.095 038.6140 037.9588 351.500 060.100
2019-11-08T15:04:25.095 038.7367 037.9333 351.500 060.000
2019-11-08T15:04:27.095 038.8594 037.9078 351.500 059.900
2019-11-08T15:04:29.095 038.9820 037.8821 351.500 059.800
2019-11-08T15:04:31.095 039.1045 037.8563 351.500 059.700
2019-11-08T15:04:33.095 039.2269 037.8305 351.500 059.600
2019-11-08T15:04:35.095 039.3493 037.8045 351.500 059.500
2019-11-08T15:04:37.095 039.4716 037.7784 351.500 059.400
2019-11-08T15:04:39.095 039.5938 037.7522 351.500 059.300
2019-11-08T15:04:41.095 039.7159 037.7259 351.500 059.200
2019-11-08T15:04:43.095 039.8379 037.6996 351.500 059.100
2019-11-08T15:04:45.095 039.9599 037.6731 351.500 059.000
2019-11-08T15:04:46.415 040.0818 037.6465 351.500 058.900
2019-11-08T15:04:48.415 040.2030 037.6184 351.500 058.800
2019-11-08T15:04:50.415 040.3248 037.5916 351.500 058.700
2019-11-08T15:04:52.415 040.4464 037.5647 351.500 058.600
2019-11-08T15:04:54.415 040.5680 037.5377 351.500 058.500
2019-11-08T15:04:56.415 040.6895 037.5106 351.500 058.400
2019-11-08T15:04:58.415 040.8109 037.4834 351.500 058.300
2019-11-08T15:05:00.415 040.9323 037.4561 351.500 058.200
2019-11-08T15:05:02.415 041.0535 037.4287 351.500 058.100
2019-11-08T15:05:04.415 041.1747 037.4012 351.500 058.000
2019-11-08T15:05:06.415 041.2958 037.3736 351.500 057.900
2019-11-08T15:05:08.415 041.4168 037.3459 351.500 057.800
2019-11-08T15:05:10.415 041.5377 037.3181 351.500 057.700
2019-11-08T15:05:12.415 041.6586 037.2902 351.500 057.600
2019-11-08T15:05:14.415 041.7794 037.2623 351.500 057.500
2019-11-08T15:05:16.415 041.9001 037.2342 351.500 057.400
2019-11-08T15:05:18.415 041.8799 037.1874 351.600 057.400
2019-11-08T15:05:20.415 041.7630 037.2241 351.600 057.500
2019-11-08T15:05:22.415 041.6459 037.2607 351.600 057.600
2019-11-08T15:05:24.415 041.5287 037.2970 351.600 057.700
2019-11-08T15:05:26.415 041.4114 037.3333 351.600 057.800
2019-11-08T15:05:28.415 041.2940 037.3694 351.600 057.900
2019-11-08T15:05:30.415 041.1764 037.4054 351.600 058.000
2019-11-08T15:05:32.415 041.0587 037.4412 351.600 058.100
2019-11-08T15:05:34.415 040.9409 037.4769 351.600 058.200
2019-11-08T15:05:36.415 040.8230 037.5125 351.600 058.300
2019-11-08T15:05:38.415 040.7049 037.5479 351.600 058.400
2019-11-08T15:05:40.415 040.5867 037.5832 351.600 058.500
2019-11-08T15:05:42.415 040.4684 037.6183 351.600 058.600
2019-11-08T15:05:44.415 040.3500 037.6533 351.600 058.700
2019-11-08T15:05:45.736 040.2315 037.6882 351.600 058.800
2019-11-08T15:05:47.736 040.1122 037.7215 351.600 058.900
2019-11-08T15:05:49.736 039.9935 037.7561 351.600 059.000
2019-11-08T15:05:51.736 039.8746 037.7905 351.600 059.100
2019-11-08T15:05:53.736 039.7555 037.8248 351.600 059.200
2019-11-08T15:05:55.736 039.6364 037.8589 351.600 059.300
2019-11-08T15:05:57.736 039.5171 037.8929 351.600 059.400
2019-11-08T15:05:59.736 039.3977 037.9268 351.600 059.500
2019-11-08T15:06:01.736 039.2782 037.9605 351.600 059.600
2019-11-08T15:06:03.736 039.1586 037.9940 351.600 059.700
2019-11-08T15:06:05.736 039.0388 038.0275 351.600 059.800
2019-11-08T15:06:07.736 038.9190 038.0607 351.600 059.900
2019-11-08T15:06:09.736 038.7990 038.0939 351.600 060.000
2019-11-08T15:06:11.736 038.6789 038.1268 351.600 060.100
2019-11-08T15:06:13.736 038.6621 038.0831 351.700 060.100
2019-11-08T15:06:15.736 038.7851 038.0580 351.700 060.000
2019-11-08T15:06:17.736 038.9081 038.0328 351.700 059.900
2019-11-08T15:06:19.736 039.0310 038.0074 351.700 059.800
2019-11-08T15:06:21.736 039.1538 037.9820 351.700 059.700
2019-11-08T15:06:23.736 039.2766 037.9564 351.700 059.600
2019-11-08T15:06:25.736 039.3993 037.9308 351.700 059.500
2019-11-08T15:06:27.736 039.5219 037.9050 351.700 059.400
2019-11-08T15:06:29.736 039.6444 037.8792 351.700 059.300
2019-11-08T15:06:31.736 039.7669 037.8532 351.700 059.200
2019-11-08T15:06:33.736 039.8892 037.8272 351.700 059.100
2019-11-08T15:06:35.736 040.0115 037.8010 351.700 059.000
2019-11-08T15:06:37.736 040.1337 037.7748 351.700 058.900
2019-11-08T15:06:39.736 040.2559 037.7484 351.700 058.800
2019-11-08T15:06:41.736 040.3779 037.7219 351.700 058.700
2019-11-08T15:06:43.736 040.4999 037.6954 351.700 058.600
2019-11-08T15:06:45.057 040.6218 037.6687 351.700 058.500
2019-11-08T15:06:47.057 040.7431 037.6405 351.700 058.400
2019-11-08T15:06:49.057 040.8648 037.6136 351.700 058.300
2019-11-08T15:06:51.057 040.9865 037.5867 351.700 058.200
2019-11-08T15:06:53.057 041.1080 037.5596 351.700 058.100
2019-11-08T15:06:55.057 041.2295 037.5324 351.700 058.000
2019-11-08T15:06:57.057 041.3510 037.5051 351.700 057.900
2019-11-08T15:06:59.057 041.4723 037.4777 351.700 057.800
2019-11-08T15:07:01.057 041.5936 037.4503 351.700 057.700
2019-11-08T15:07:03.057 041.7148 037.4227 351.700 057.600
2019-11-08T15:07:05.057 041.8359 037.3950 351.700 057.500
2019-11-08T15:07:07.057 041.9569 037.3672 351.700 057.400
2019-11-08T15:07:09.057 041.9369 037.3205 351.800 057.400
2019-11-08T15:07:11.057 041.8196 037.3568 351.800 057.500
2019-11-08T15:07:13.057 041.7022 037.3931 351.800 057.600
2019-11-08T15:07:15.057 041.5847 037.4291 351.800 057.700
2019-11-08T15:07:17.057 041.4670 037.4651 351.800 057.800
2019-11-08T15:07:19.057 041.3492 037.5009 351.800 057.900
2019-11-08T15:07:21.057 041.2313 037.5366 351.800 058.000
2019-11-08T15:07:23.057 041.1132 037.5721 351.800 058.100
2019-11-08T15:07:25.057 040.9951 037.6075 351.800 058.200
2019-11-08T15:07:27.057 040.8768 037.6427 351.800 058.300
2019-11-08T15:07:29.057 040.7584 037.6779 351.800 058.400
2019-11-08T15:07:31.057 040.6398 037.7128 351.800 058.500
2019-11-08T15:07:33.057 040.5212 037.7476 351.800 058.600
2019-11-08T15:07:35.057 040.4024 037.7823 351.800 058.700
2019-11-08T15:07:37.057 040.2835 037.8169 351.800 058.800
2019-11-08T15:07:39.057 040.1645 037.8513 351.800 058.900
2019-11-08T15:07:41.057 040.0453 037.8855 351.800 059.000
2019-11-08T15:07:43.057 039.9261 037.9196 351.800 059.100
2019-11-08T15:07:44.378 039.8067 037.9536 351.800 059.200
2019-11-08T15:07:46.378 039.6866 037.9860 351.800 059.300
2019-11-08T15:07:48.378 039.5670 038.0197 351.800 059.400
2019-11-08T15:07:50.378 039.4473 038.0532 351.800 059.500
2019-11-08T15:07:52.378 039.3274 038.0866 351.800 059.600
2019-11-08T15:07:54.378 039.2074 038.1198 351.800 059.700
2019-11-08T15:07:56.378 039.0873 038.1529 351.800 059.800
2019-11-08T15:07:58.378 038.9671 038.1859 351.800 059.900
2019-11-08T15:08:00.378 038.8468 038.2187 351.800 060.000
2019-11-08T15:08:02.378 038.7263 038.2513 351.800 060.100
2019-11-08T15:08:04.378 038.7097 038.2075 351.900 060.100
2019-11-08T15:08:06.378 038.8330 038.1828 351.900 060.000
2019-11-08T15:08:08.378 038.9563 038.1579 351.900 059.900
2019-11-08T15:08:10.378 039.0796 038.1329 351.900 059.800
2019-11-08T15:08:12.378 039.2027 038.1078 351.900 059.700
2019-11-08T15:08:14.378 039.3258 038.0825 351.900 059.600
2019-11-08T15:08:16.378 039.4488 038.0572 351.900 059.500
2019-11-08T15:08:18.378 039.5717 038.0318 351.900 059.400
2019-11-08T15:08:20.378 039.6946 038.0063 351.900 059.300
2019-11-08T15:08:22.378 039.8174 037.9807 351.900 059.200
2019-11-08T15:08:24.378 039.9400 037.9549 351.900 059.100
2019-11-08T15:08:26.378 040.0627 037.9291 351.900 059.000
2019-11-08T15:08:28.378 040.1852 037.9032 351.900 058.900
2019-11-08T15:08:30.378 040.3077 037.8771 351.900 058.800
2019-11-08T15:08:32.378 040.4301 037.8510 351.900 058.700
2019-11-08T15:08:34.378 040.5524 037.8247 351.900 058.600
2019-11-08T15:08:36.378 040.6746 037.7984 351.900 058.500
2019-11-08T15:08:38.378 040.7967 037.7720 351.900 058.400
2019-11-08T15:08:40.378 040.9188 037.7454 351.900 058.300
2019-11-08T15:08:42.378 041.0408 037.7188 351.900 058.200
2019-11-08T15:08:43.699 041.1627 037.6920 351.900 058.100
2019-11-08T15:08:45.699 041.2840 037.6637 351.900 058.000
2019-11-08T15:08:47.699 041.4057 037.6368 351.900 057.900
2019-11-08T15:08:49.699 041.5274 037.6097 351.900 057.800
2019-11-08T15:08:51.699 041.6490 037.5825 351.900 057.700
2019-11-08T15:08:53.699 041.7705 037.5553 351.900 057.600
2019-11-08T15:08:55.699 041.8919 037.5279 351.900 057.500
2019-11-08T15:08:57.699 042.0133 037.5004 351.900 057.400
2019-11-08T15:08:59.699 041.9935 037.4536 352.000 057.400
2019-11-08T15:09:01.699 041.8758 037.4897 352.000 057.500
2019-11-08T15:09:03.699 041.7580 037.5256 352.000 057.600
2019-11-08T15:09:05.699 041.6401 037.5614 352.000 057.700
2019-11-08T15:09:07.699 041.5221 037.5970 352.000 057.800
2019-11-08T15:09:09.699 041.4039 037.6325 352.000 057.900
2019-11-08T15:09:11.699 041.2857 037.6679 352.000 058.000
2019-11-08T15:09:13.699 041.1673 037.7031 352.000 058.100
2019-11-08T15:09:15.699 041.0487 037.7382 352.000 058.200
2019-11-08T15:09:17.699 040.9301 037.7731 352.000 058.300
2019-11-08T15:09:19.699 040.8113 037.8079 352.000 058.400
2019-11-08T15:09:21.699 040.6924 037.8426 352.000 058.500
2019-11-08T15:09:23.699 040.5734 037.8771 352.000 058.600
2019-11-08T15:09:25.699 040.4543 037.9114 352.000 058.700
2019-11-08T15:09:27.699 040.3350 037.9457 352.000 058.800
2019-11-08T15:09:29.699 040.2157 037.9797 352.000 058.900
2019-11-08T15:09:31.699 040.0962 038.0137 352.000 059.000
2019-11-08T15:09:33.699 039.9766 038.0475 352.000 059.100
2019-11-08T15:09:35.699 039.8568 038.0811 352.000 059.200
2019-11-08T15:09:37.699 039.7370 038.1146 352.000 059.300
2019-11-08T15:09:39.699 039.6170 038.1479 352.000 059.400
2019-11-08T15:09:41.699 039.4969 038.1812 352.000 059.500
2019-11-08T15:09:43.019 039.3767 038.2142 352.000 059.600
2019-11-08T15:09:45.019 039.2558 038.2458 352.000 059.700
2019-11-08T15:09:47.019 039.1354 038.2785 352.000 059.800
2019-11-08T15:09:49.019 039.0148 038.3111 352.000 059.900
2019-11-08T15:09:51.019 038.8941 038.3436 352.000 060.000
2019-11-08T15:09:53.019 038.7733 038.3759 352.000 060.100
2019-11-08T15:09:55.019 038.7568 038.3321 352.100 060.100
2019-11-08T15:09:57.019 038.8805 038.3077 352.100 060.000
2019-11-08T15:09:59.019 039.0041 038.2831 352.100 059.900
2019-11-08T15:10:01.019 039.1277 038.2584 352.100 059.800
2019-11-08T15:10:03.019 039.2512 038.2337 352.100 059.700
2019-11-08T15:10:05.019 039.3746 038.2088 352.100 059.600
2019-11-08T15:10:07.019 039.4979 038.1838 352.100 059.500
2019-11-08T15:10:09.019 039.6211 038.1587 352.100 059.400
2019-11-08T15:10:11.019 039.7443 038.1335 352.100 059.300
2019-11-08T15:10:13.019 039.8674 038.1082 352.100 059.200
2019-11-08T15:10:15.019 039.9904 038.0828 352.100 059.100
2019-11-08T15:10:17.019 040.1134 038.0573 352.100 059.000
2019-11-08T15:10:19.019 040.2362 038.0317 352.100 058.900
2019-11-08T15:10:21.019 040.3590 038.0060 352.100 058.800
2019-11-08T15:10:23.019 040.4817 037.9802 352.100 058.700
2019-11-08T15:10:25.019 040.6044 037.9543 352.100 058.600
2019-11-08T15:10:27.019 040.7269 037.9282 352.100 058.500
2019-11-08T15:10:29.019 040.8494 037.9021 352.100 058.400
2019-11-08T15:10:31.019 040.9718 037.8759 352.100 058.300
2019-11-08T15:10:33.019 041.0941 037.8496 352.100 058.200
2019-11-08T15:10:35.019 041.2164 037.8231 352.100 058.100
2019-11-08T15:10:37.019 041.3385 037.7966 352.100 058.000
2019-11-08T15:10:39.019 041.4606 037.7700 352.100 057.900
2019-11-08T15:10:41.019 041.5826 037.7432 352.100 057.800
2019-11-08T15:10:42.340 041.7045 037.7164 352.100 057.700
2019-11-08T15:10:44.340 041.8258 037.6880 352.100 057.600
2019-11-08T15:10:46.340 041.9475 037.6609 352.100 057.500
2019-11-08T15:10:48.340 042.0692 037.6338 352.100 057.400
2019-11-08T15:10:50.340 042.0496 037.5869 352.200 057.400
2019-11-08T15:10:52.340 041.9316 037.6227 352.200 057.500
2019-11-08T15:10:54.340 041.8134 037.6583 352.200 057.600
2019-11-08T15:10:56.340 041.6952 037.6938 352.200 057.700
2019-11-08T15:10:58.340 041.5768 037.7291 352.200 057.800
2019-11-08T15:11:00.340 041.4583 037.7643 352.200 057.900
2019-11-08T15:11:02.340 041.3396 037.7994 352.200 058.000
2019-11-08T15:11:04.340 041.2209 037.8343 352.200 058.100
2019-11-08T15:11:06.340 041.1020 037.8690 352.200 058.200
2019-11-08T15:11:08.340 040.9830 037.9037 352.200 058.300
2019-11-08T15:11:10.340 040.8639 037.9381 352.200 058.400
2019-11-08T15:11:12.340 040.7446 037.9725 352.200 058.500
2019-11-08T15:11:14.340 040.6252 038.0067 352.200 058.600
2019-11-08T15:11:16.340 040.5057 038.0407 352.200 058.700
2019-11-08T15:11:18.340 040.3861 038.0746 352.200 058.800
2019-11-08T15:11:20.340 040.2664 038.1084 352.200 058.900
2019-11-08T15:11:22.340 040.1466 038.1420 352.200 059.000
2019-11-08T15:11:24.340 040.0266 038.1754 352.200 059.100
2019-11-08T15:11:26.340 039.9065 038.2088 352.200 059.200
2019-11-08T15:11:28.340 039.7863 038.2419 352.200 059.300
2019-11-08T15:11:30.340 039.6660 038.2750 352.200 059.400
2019-11-08T15:11:32.340 039.5455 038.3078 352.200 059.500
2019-11-08T15:11:34.340 039.4249 038.3406 352.200 059.600
2019-11-08T15:11:36.340 039.3042 038.3732 352.200 059.700
2019-11-08T15:11:38.340 039.1834 038.4056 352.200 059.800
2019-11-08T15:11:40.340 039.0625 038.4379 352.200 059.900
2019-11-08T15:11:41.661 038.9415 038.4700 352.200 060.000
2019-11-08T15:11:43.661 038.8198 038.5007 352.200 060.100
2019-11-08T15:11:45.661 038.8035 038.4568 352.300 060.100
2019-11-08T15:11:47.661 038.9275 038.4327 352.300 060.000
2019-11-08T15:11:49.661 039.0514 038.4085 352.300 059.900
2019-11-08T15:11:51.661 039.1753 038.3841 352.300 059.800
2019-11-08T15:11:53.661 039.2991 038.3597 352.300 059.700
2019-11-08T15:11:55.661 039.4228 038.3351 352.300 059.600
2019-11-08T15:11:57.661 039.5465 038.3105 352.300 059.500
2019-11-08T15:11:59.661 039.6701 038.2857 352.300 059.400
2019-11-08T15:12:01.661 039.7936 038.2609 352.300 059.300
2019-11-08T15:12:03.661 039.9170 038.2359 352.300 059.200
2019-11-08T15:12:05.661 040.0403 038.2108 352.300 059.100
2019-11-08T15:12:07.661 040.1636 038.1857 352.300 059.000
2019-11-08T15:12:09.661 040.2868 038.1604 352.300 058.900
2019-11-08T15:12:11.661 040.4099 038.1350 352.300 058.800
2019-11-08T15:12:13.661 040.5329 038.1095 352.300 058.700
2019-11-08T15:12:15.661 040.6559 038.0839 352.300 058.600
2019-11-08T15:12:17.661 040.7788 038.0582 352.300 058.500
2019-11-08T15:12:19.661 040.9016 038.0324 352.300 058.400
2019-11-08T15:12:21.661 041.0243 038.0065 352.300 058.300
2019-11-08T15:12:23.661 041.1470 037.9805 352.300 058.200
2019-11-08T15:12:25.661 041.2695 037.9544 352.300 058.100
2019-11-08T15:12:27.661 041.3920 037.9282 352.300 058.000
2019-11-08T15:12:29.661 041.5144 037.9019 352.300 057.900
2019-11-08T15:12:31.661 041.6368 037.8754 352.300 057.800
2019-11-08T15:12:33.661 041.7590 037.8489 352.300 057.700
2019-11-08T15:12:35.661 041.8812 037.8223 352.300 057.600
2019-11-08T15:12:37.661 042.0033 037.7956 352.300 057.500
2019-11-08T15:12:39.661 042.1253 037.7687 352.300 057.400
