RA_{0} = 184.692
RAfinal = 190.308
DEC_{0} = 9.692
DECfinal = 15.308
Date/Time           AZ (Deg)     EL (Deg)     RA(Deg)  DEC(deg)
-------------------------------------------------------------------------
2019-10-10T09:41:00.000 134.4923 050.8621 184.692 009.692
2019-10-10T09:41:02.000 135.8828 051.7928 184.692 010.000
2019-10-10T09:41:04.000 135.6248 052.0566 184.692 010.308
2019-10-10T09:41:06.000 135.3637 052.3199 184.692 010.616
2019-10-10T09:41:08.000 135.0995 052.5826 184.692 010.924
2019-10-10T09:41:10.000 134.8321 052.8446 184.692 011.232
2019-10-10T09:41:12.000 134.5613 053.1061 184.692 011.540
2019-10-10T09:41:14.000 134.2873 053.3669 184.692 011.848
2019-10-10T09:41:16.000 134.0099 053.6270 184.692 012.156
2019-10-10T09:41:18.000 133.7290 053.8865 184.692 012.464
2019-10-10T09:41:20.000 133.4445 054.1454 184.692 012.772
2019-10-10T09:41:22.000 133.1565 054.4035 184.692 013.080
2019-10-10T09:41:24.000 132.8648 054.6610 184.692 013.388
2019-10-10T09:41:26.000 132.5693 054.9177 184.692 013.696
2019-10-10T09:41:28.000 132.2700 055.1737 184.692 014.004
2019-10-10T09:41:30.000 131.9669 055.4289 184.692 014.312
2019-10-10T09:41:32.000 131.6597 055.6833 184.692 014.620
2019-10-10T09:41:34.000 131.3486 055.9370 184.692 014.928
2019-10-10T09:41:36.000 131.0332 056.1899 184.692 015.236
2019-10-10T09:41:38.647 130.6171 056.0174 185.000 015.236
2019-10-10T09:41:40.647 130.9600 055.7766 185.000 014.928
2019-10-10T09:41:42.647 131.2949 055.5332 185.000 014.620
2019-10-10T09:41:44.647 131.6257 055.2890 185.000 014.312
2019-10-10T09:41:46.647 131.9526 055.0439 185.000 014.004
2019-10-10T09:41:48.647 132.2754 054.7979 185.000 013.696
2019-10-10T09:41:50.647 132.5944 054.5512 185.000 013.388
2019-10-10T09:41:52.647 132.9096 054.3035 185.000 013.080
2019-10-10T09:41:54.647 133.2210 054.0551 185.000 012.772
2019-10-10T09:41:56.647 133.5287 053.8060 185.000 012.464
2019-10-10T09:41:58.647 133.8328 053.5560 185.000 012.156
2019-10-10T09:42:00.647 134.1334 053.3053 185.000 011.848
2019-10-10T09:42:02.647 134.4305 053.0539 185.000 011.540
2019-10-10T09:42:04.647 134.7242 052.8017 185.000 011.232
2019-10-10T09:42:06.647 135.0144 052.5488 185.000 010.924
2019-10-10T09:42:08.647 135.3014 052.2953 185.000 010.616
2019-10-10T09:42:10.647 135.5852 052.0410 185.000 010.308
2019-10-10T09:42:12.647 135.8657 051.7861 185.000 010.000
2019-10-10T09:42:14.647 136.1431 051.5305 185.000 009.692
2019-10-10T09:42:17.295 135.7431 051.3721 185.308 009.692
2019-10-10T09:42:19.295 135.4907 051.6372 185.308 010.000
2019-10-10T09:42:21.295 135.2317 051.9003 185.308 010.308
2019-10-10T09:42:23.295 134.9696 052.1629 185.308 010.616
2019-10-10T09:42:25.295 134.7044 052.4248 185.308 010.924
2019-10-10T09:42:27.295 134.4360 052.6861 185.308 011.232
2019-10-10T09:42:29.295 134.1643 052.9469 185.308 011.540
2019-10-10T09:42:31.295 133.8893 053.2069 185.308 011.848
2019-10-10T09:42:33.295 133.6110 053.4663 185.308 012.156
2019-10-10T09:42:35.295 133.3292 053.7251 185.308 012.464
2019-10-10T09:42:37.295 133.0439 053.9832 185.308 012.772
2019-10-10T09:42:39.295 132.7550 054.2406 185.308 013.080
2019-10-10T09:42:41.295 132.4624 054.4972 185.308 013.388
2019-10-10T09:42:43.295 132.1662 054.7532 185.308 013.696
2019-10-10T09:42:45.295 131.8661 055.0084 185.308 014.004
2019-10-10T09:42:47.295 131.5622 055.2628 185.308 014.312
2019-10-10T09:42:49.295 131.2543 055.5165 185.308 014.620
2019-10-10T09:42:51.295 130.9424 055.7693 185.308 014.928
2019-10-10T09:42:53.295 130.6264 056.0214 185.308 015.236
2019-10-10T09:42:55.942 130.2135 055.8479 185.616 015.236
2019-10-10T09:42:57.942 130.5568 055.6079 185.616 014.928
2019-10-10T09:42:59.942 130.8922 055.3654 185.616 014.620
2019-10-10T09:43:01.942 131.2236 055.1220 185.616 014.312
2019-10-10T09:43:03.942 131.5509 054.8778 185.616 014.004
2019-10-10T09:43:05.942 131.8744 054.6327 185.616 013.696
2019-10-10T09:43:07.942 132.1940 054.3867 185.616 013.388
2019-10-10T09:43:09.942 132.5098 054.1399 185.616 013.080
2019-10-10T09:43:11.942 132.8219 053.8924 185.616 012.772
2019-10-10T09:43:13.942 133.1303 053.6440 185.616 012.464
2019-10-10T09:43:15.942 133.4352 053.3948 185.616 012.156
2019-10-10T09:43:17.942 133.7365 053.1449 185.616 011.848
2019-10-10T09:43:19.942 134.0344 052.8943 185.616 011.540
2019-10-10T09:43:21.942 134.3288 052.6429 185.616 011.232
2019-10-10T09:43:23.942 134.6199 052.3908 185.616 010.924
2019-10-10T09:43:25.942 134.9077 052.1381 185.616 010.616
2019-10-10T09:43:27.942 135.1923 051.8846 185.616 010.308
2019-10-10T09:43:29.942 135.4737 051.6305 185.616 010.000
2019-10-10T09:43:31.942 135.7520 051.3757 185.616 009.692
2019-10-10T09:43:34.590 135.3545 051.2161 185.924 009.692
2019-10-10T09:43:36.590 135.1011 051.4806 185.924 010.000
2019-10-10T09:43:38.590 134.8411 051.7430 185.924 010.308
2019-10-10T09:43:40.590 134.5780 052.0048 185.924 010.616
2019-10-10T09:43:42.590 134.3119 052.2660 185.924 010.924
2019-10-10T09:43:44.590 134.0425 052.5266 185.924 011.232
2019-10-10T09:43:46.590 133.7699 052.7866 185.924 011.540
2019-10-10T09:43:48.590 133.4941 053.0459 185.924 011.848
2019-10-10T09:43:50.590 133.2148 053.3046 185.924 012.156
2019-10-10T09:43:52.590 132.9322 053.5626 185.924 012.464
2019-10-10T09:43:54.590 132.6460 053.8199 185.924 012.772
2019-10-10T09:43:56.590 132.3563 054.0765 185.924 013.080
2019-10-10T09:43:58.590 132.0630 054.3324 185.924 013.388
2019-10-10T09:44:00.590 131.7659 054.5876 185.924 013.696
2019-10-10T09:44:02.590 131.4651 054.8420 185.924 014.004
2019-10-10T09:44:04.590 131.1605 055.0957 185.924 014.312
2019-10-10T09:44:06.590 130.8519 055.3486 185.924 014.620
2019-10-10T09:44:08.590 130.5393 055.6007 185.924 014.928
2019-10-10T09:44:10.590 130.2227 055.8519 185.924 015.236
2019-10-10T09:44:13.237 129.8130 055.6774 186.232 015.236
2019-10-10T09:44:15.237 130.1566 055.4383 186.232 014.928
2019-10-10T09:44:17.237 130.4925 055.1966 186.232 014.620
2019-10-10T09:44:19.237 130.8244 054.9541 186.232 014.312
2019-10-10T09:44:21.237 131.1523 054.7107 186.232 014.004
2019-10-10T09:44:23.237 131.4763 054.4664 186.232 013.696
2019-10-10T09:44:25.237 131.7964 054.2212 186.232 013.388
2019-10-10T09:44:27.237 132.1129 053.9753 186.232 013.080
2019-10-10T09:44:29.237 132.4256 053.7285 186.232 012.772
2019-10-10T09:44:31.237 132.7347 053.4810 186.232 012.464
2019-10-10T09:44:33.237 133.0402 053.2326 186.232 012.156
2019-10-10T09:44:35.237 133.3422 052.9835 186.232 011.848
2019-10-10T09:44:37.237 133.6408 052.7337 186.232 011.540
2019-10-10T09:44:39.237 133.9360 052.4831 186.232 011.232
2019-10-10T09:44:41.237 134.2279 052.2318 186.232 010.924
2019-10-10T09:44:43.237 134.5165 051.9798 186.232 010.616
2019-10-10T09:44:45.237 134.8019 051.7271 186.232 010.308
2019-10-10T09:44:47.237 135.0842 051.4738 186.232 010.000
2019-10-10T09:44:49.237 135.3633 051.2198 186.232 009.692
2019-10-10T09:44:51.884 134.9683 051.0591 186.540 009.692
2019-10-10T09:44:53.884 134.7139 051.3228 186.540 010.000
2019-10-10T09:44:55.884 134.4530 051.5845 186.540 010.308
2019-10-10T09:44:57.884 134.1890 051.8456 186.540 010.616
2019-10-10T09:44:59.884 133.9219 052.1061 186.540 010.924
2019-10-10T09:45:01.884 133.6516 052.3660 186.540 011.232
2019-10-10T09:45:03.884 133.3782 052.6253 186.540 011.540
2019-10-10T09:45:05.884 133.1014 052.8839 186.540 011.848
2019-10-10T09:45:07.884 132.8214 053.1418 186.540 012.156
2019-10-10T09:45:09.884 132.5379 053.3991 186.540 012.464
2019-10-10T09:45:11.884 132.2509 053.6556 186.540 012.772
2019-10-10T09:45:13.884 131.9604 053.9115 186.540 013.080
2019-10-10T09:45:15.884 131.6663 054.1666 186.540 013.388
2019-10-10T09:45:17.884 131.3686 054.4210 186.540 013.696
2019-10-10T09:45:19.884 131.0670 054.6747 186.540 014.004
2019-10-10T09:45:21.884 130.7617 054.9276 186.540 014.312
2019-10-10T09:45:23.884 130.4525 055.1797 186.540 014.620
2019-10-10T09:45:25.884 130.1393 055.4310 186.540 014.928
2019-10-10T09:45:27.884 129.8221 055.6814 186.540 015.236
2019-10-10T09:45:30.532 129.4155 055.5059 186.848 015.236
2019-10-10T09:45:32.532 129.7595 055.2676 186.848 014.928
2019-10-10T09:45:34.532 130.0958 055.0268 186.848 014.620
2019-10-10T09:45:36.532 130.4281 054.7851 186.848 014.312
2019-10-10T09:45:38.532 130.7565 054.5425 186.848 014.004
2019-10-10T09:45:40.532 131.0810 054.2991 186.848 013.696
2019-10-10T09:45:42.532 131.4017 054.0547 186.848 013.388
2019-10-10T09:45:44.532 131.7187 053.8096 186.848 013.080
2019-10-10T09:45:46.532 132.0320 053.5637 186.848 012.772
2019-10-10T09:45:48.532 132.3418 053.3169 186.848 012.464
2019-10-10T09:45:50.532 132.6479 053.0694 186.848 012.156
2019-10-10T09:45:52.532 132.9506 052.8211 186.848 011.848
2019-10-10T09:45:54.532 133.2499 052.5720 186.848 011.540
2019-10-10T09:45:56.532 133.5459 052.3222 186.848 011.232
2019-10-10T09:45:58.532 133.8385 052.0717 186.848 010.924
2019-10-10T09:46:00.532 134.1278 051.8205 186.848 010.616
2019-10-10T09:46:02.532 134.4140 051.5686 186.848 010.308
2019-10-10T09:46:04.532 134.6971 051.3160 186.848 010.000
2019-10-10T09:46:06.532 134.9770 051.0628 186.848 009.692
2019-10-10T09:46:09.179 134.5845 050.9010 187.156 009.692
2019-10-10T09:46:11.179 134.3291 051.1641 187.156 010.000
2019-10-10T09:46:13.179 134.0673 051.4251 187.156 010.308
2019-10-10T09:46:15.179 133.8024 051.6855 187.156 010.616
2019-10-10T09:46:17.179 133.5344 051.9452 187.156 010.924
2019-10-10T09:46:19.179 133.2633 052.2044 187.156 011.232
2019-10-10T09:46:21.179 132.9890 052.4629 187.156 011.540
2019-10-10T09:46:23.179 132.7115 052.7208 187.156 011.848
2019-10-10T09:46:25.179 132.4306 052.9780 187.156 012.156
2019-10-10T09:46:27.179 132.1463 053.2345 187.156 012.464
2019-10-10T09:46:29.179 131.8586 053.4903 187.156 012.772
2019-10-10T09:46:31.179 131.5674 053.7454 187.156 013.080
2019-10-10T09:46:33.179 131.2725 053.9998 187.156 013.388
2019-10-10T09:46:35.179 130.9741 054.2535 187.156 013.696
2019-10-10T09:46:37.179 130.6719 054.5063 187.156 014.004
2019-10-10T09:46:39.179 130.3659 054.7585 187.156 014.312
2019-10-10T09:46:41.179 130.0561 055.0098 187.156 014.620
2019-10-10T09:46:43.179 129.7423 055.2603 187.156 014.928
2019-10-10T09:46:45.179 129.4246 055.5100 187.156 015.236
2019-10-10T09:46:47.827 129.0211 055.3335 187.464 015.236
2019-10-10T09:46:49.827 129.3654 055.0960 187.464 014.928
2019-10-10T09:46:51.827 129.7021 054.8560 187.464 014.620
2019-10-10T09:46:53.827 130.0348 054.6152 187.464 014.312
2019-10-10T09:46:55.827 130.3636 054.3734 187.464 014.004
2019-10-10T09:46:57.827 130.6886 054.1307 187.464 013.696
2019-10-10T09:46:59.827 131.0098 053.8873 187.464 013.388
2019-10-10T09:47:01.827 131.3273 053.6429 187.464 013.080
2019-10-10T09:47:03.827 131.6412 053.3978 187.464 012.772
2019-10-10T09:47:05.827 131.9515 053.1518 187.464 012.464
2019-10-10T09:47:07.827 132.2583 052.9051 187.464 012.156
2019-10-10T09:47:09.827 132.5617 052.6576 187.464 011.848
2019-10-10T09:47:11.827 132.8616 052.4093 187.464 011.540
2019-10-10T09:47:13.827 133.1582 052.1603 187.464 011.232
2019-10-10T09:47:15.827 133.4516 051.9106 187.464 010.924
2019-10-10T09:47:17.827 133.7417 051.6602 187.464 010.616
2019-10-10T09:47:19.827 134.0286 051.4090 187.464 010.308
2019-10-10T09:47:21.827 134.3124 051.1572 187.464 010.000
2019-10-10T09:47:23.827 134.5932 050.9047 187.464 009.692
2019-10-10T09:47:26.474 134.2030 050.7419 187.772 009.692
2019-10-10T09:47:28.474 133.9468 051.0043 187.772 010.000
2019-10-10T09:47:30.474 133.6841 051.2646 187.772 010.308
2019-10-10T09:47:32.474 133.4183 051.5242 187.772 010.616
2019-10-10T09:47:34.474 133.1495 051.7833 187.772 010.924
2019-10-10T09:47:36.474 132.8776 052.0417 187.772 011.232
2019-10-10T09:47:38.474 132.6025 052.2995 187.772 011.540
2019-10-10T09:47:40.474 132.3241 052.5567 187.772 011.848
2019-10-10T09:47:42.474 132.0425 052.8131 187.772 012.156
2019-10-10T09:47:44.474 131.7574 053.0689 187.772 012.464
2019-10-10T09:47:46.474 131.4690 053.3240 187.772 012.772
2019-10-10T09:47:48.474 131.1771 053.5784 187.772 013.080
2019-10-10T09:47:50.474 130.8816 053.8320 187.772 013.388
2019-10-10T09:47:52.474 130.5824 054.0849 187.772 013.696
2019-10-10T09:47:54.474 130.2796 054.3370 187.772 014.004
2019-10-10T09:47:56.474 129.9731 054.5884 187.772 014.312
2019-10-10T09:47:58.474 129.6627 054.8389 187.772 014.620
2019-10-10T09:48:00.474 129.3484 055.0886 187.772 014.928
2019-10-10T09:48:02.474 129.0301 055.3375 187.772 015.236
2019-10-10T09:48:05.121 128.6297 055.1601 188.080 015.236
2019-10-10T09:48:07.121 128.9743 054.9234 188.080 014.928
2019-10-10T09:48:09.121 129.3113 054.6843 188.080 014.620
2019-10-10T09:48:11.121 129.6444 054.4442 188.080 014.312
2019-10-10T09:48:13.121 129.9736 054.2033 188.080 014.004
2019-10-10T09:48:15.121 130.2990 053.9615 188.080 013.696
2019-10-10T09:48:17.121 130.6207 053.7188 188.080 013.388
2019-10-10T09:48:19.121 130.9387 053.4753 188.080 013.080
2019-10-10T09:48:21.121 131.2531 053.2309 188.080 012.772
2019-10-10T09:48:23.121 131.5640 052.9858 188.080 012.464
2019-10-10T09:48:25.121 131.8714 052.7398 188.080 012.156
2019-10-10T09:48:27.121 132.1753 052.4931 188.080 011.848
2019-10-10T09:48:29.121 132.4759 052.2456 188.080 011.540
2019-10-10T09:48:31.121 132.7732 051.9974 188.080 011.232
2019-10-10T09:48:33.121 133.0672 051.7485 188.080 010.924
2019-10-10T09:48:35.121 133.3580 051.4988 188.080 010.616
2019-10-10T09:48:37.121 133.6456 051.2484 188.080 010.308
2019-10-10T09:48:39.121 133.9302 050.9974 188.080 010.000
2019-10-10T09:48:41.121 134.2117 050.7456 188.080 009.692
2019-10-10T09:48:43.769 133.8240 050.5818 188.388 009.692
2019-10-10T09:48:45.769 133.5668 050.8435 188.388 010.000
2019-10-10T09:48:47.769 133.3033 051.1030 188.388 010.308
2019-10-10T09:48:49.769 133.0367 051.3620 188.388 010.616
2019-10-10T09:48:51.769 132.7671 051.6204 188.388 010.924
2019-10-10T09:48:53.769 132.4944 051.8781 188.388 011.232
2019-10-10T09:48:55.769 132.2185 052.1352 188.388 011.540
2019-10-10T09:48:57.769 131.9394 052.3916 188.388 011.848
2019-10-10T09:48:59.769 131.6570 052.6473 188.388 012.156
2019-10-10T09:49:01.769 131.3712 052.9023 188.388 012.464
2019-10-10T09:49:03.769 131.0821 053.1567 188.388 012.772
2019-10-10T09:49:05.769 130.7895 053.4103 188.388 013.080
2019-10-10T09:49:07.769 130.4934 053.6632 188.388 013.388
2019-10-10T09:49:09.769 130.1936 053.9153 188.388 013.696
2019-10-10T09:49:11.769 129.8902 054.1667 188.388 014.004
2019-10-10T09:49:13.769 129.5831 054.4173 188.388 014.312
2019-10-10T09:49:15.769 129.2722 054.6671 188.388 014.620
2019-10-10T09:49:17.769 128.9573 054.9160 188.388 014.928
2019-10-10T09:49:19.769 128.6386 055.1641 188.388 015.236
2019-10-10T09:49:22.416 128.2413 054.9857 188.696 015.236
2019-10-10T09:49:24.416 128.5861 054.7499 188.696 014.928
2019-10-10T09:49:26.416 128.9234 054.5116 188.696 014.620
2019-10-10T09:49:28.416 129.2568 054.2724 188.696 014.312
2019-10-10T09:49:30.416 129.5864 054.0322 188.696 014.004
2019-10-10T09:49:32.416 129.9122 053.7912 188.696 013.696
2019-10-10T09:49:34.416 130.2344 053.5493 188.696 013.388
2019-10-10T09:49:36.416 130.5529 053.3066 188.696 013.080
2019-10-10T09:49:38.416 130.8678 053.0631 188.696 012.772
2019-10-10T09:49:40.416 131.1791 052.8187 188.696 012.464
2019-10-10T09:49:42.416 131.4871 052.5735 188.696 012.156
2019-10-10T09:49:44.416 131.7916 052.3276 188.696 011.848
2019-10-10T09:49:46.416 132.0928 052.0809 188.696 011.540
2019-10-10T09:49:48.416 132.3906 051.8335 188.696 011.232
2019-10-10T09:49:50.416 132.6853 051.5853 188.696 010.924
2019-10-10T09:49:52.416 132.9767 051.3364 188.696 010.616
2019-10-10T09:49:54.416 133.2651 051.0868 188.696 010.308
2019-10-10T09:49:56.416 133.5503 050.8365 188.696 010.000
2019-10-10T09:49:58.416 133.8325 050.5855 188.696 009.692
2019-10-10T09:50:01.064 133.4472 050.4207 189.004 009.692
2019-10-10T09:50:03.064 133.1893 050.6816 189.004 010.000
2019-10-10T09:50:05.064 132.9249 050.9405 189.004 010.308
2019-10-10T09:50:07.064 132.6575 051.1988 189.004 010.616
2019-10-10T09:50:09.064 132.3871 051.4564 189.004 010.924
2019-10-10T09:50:11.064 132.1136 051.7134 189.004 011.232
2019-10-10T09:50:13.064 131.8370 051.9698 189.004 011.540
2019-10-10T09:50:15.064 131.5572 052.2255 189.004 011.848
2019-10-10T09:50:17.064 131.2741 052.4805 189.004 012.156
2019-10-10T09:50:19.064 130.9877 052.7348 189.004 012.464
2019-10-10T09:50:21.064 130.6979 052.9884 189.004 012.772
2019-10-10T09:50:23.064 130.4047 053.2413 189.004 013.080
2019-10-10T09:50:25.064 130.1079 053.4934 189.004 013.388
2019-10-10T09:50:27.064 129.8076 053.7448 189.004 013.696
2019-10-10T09:50:29.064 129.5037 053.9954 189.004 014.004
2019-10-10T09:50:31.064 129.1960 054.2453 189.004 014.312
2019-10-10T09:50:33.064 128.8846 054.4943 189.004 014.620
2019-10-10T09:50:35.064 128.5693 054.7425 189.004 014.928
2019-10-10T09:50:37.064 128.2501 054.9898 189.004 015.236
2019-10-10T09:50:39.711 127.8558 054.8104 189.312 015.236
2019-10-10T09:50:41.711 128.2008 054.5755 189.312 014.928
2019-10-10T09:50:43.711 128.5384 054.3380 189.312 014.620
2019-10-10T09:50:45.711 128.8721 054.0995 189.312 014.312
2019-10-10T09:50:47.711 129.2021 053.8602 189.312 014.004
2019-10-10T09:50:49.711 129.5282 053.6200 189.312 013.696
2019-10-10T09:50:51.711 129.8508 053.3789 189.312 013.388
2019-10-10T09:50:53.711 130.1697 053.1370 189.312 013.080
2019-10-10T09:50:55.711 130.4850 052.8942 189.312 012.772
2019-10-10T09:50:57.711 130.7969 052.6507 189.312 012.464
2019-10-10T09:50:59.711 131.1053 052.4063 189.312 012.156
2019-10-10T09:51:01.711 131.4104 052.1611 189.312 011.848
2019-10-10T09:51:03.711 131.7121 051.9152 189.312 011.540
2019-10-10T09:51:05.711 132.0106 051.6686 189.312 011.232
2019-10-10T09:51:07.711 132.3058 051.4212 189.312 010.924
2019-10-10T09:51:09.711 132.5979 051.1730 189.312 010.616
2019-10-10T09:51:11.711 132.8869 050.9242 189.312 010.308
2019-10-10T09:51:13.711 133.1728 050.6747 189.312 010.000
2019-10-10T09:51:15.711 133.4557 050.4244 189.312 009.692
2019-10-10T09:51:18.359 133.0729 050.2585 189.620 009.692
2019-10-10T09:51:20.359 132.8141 050.5188 189.620 010.000
2019-10-10T09:51:22.359 132.5489 050.7770 189.620 010.308
2019-10-10T09:51:24.359 132.2808 051.0346 189.620 010.616
2019-10-10T09:51:26.359 132.0096 051.2915 189.620 010.924
2019-10-10T09:51:28.359 131.7354 051.5478 189.620 011.232
2019-10-10T09:51:30.359 131.4581 051.8034 189.620 011.540
2019-10-10T09:51:32.359 131.1776 052.0584 189.620 011.848
2019-10-10T09:51:34.359 130.8938 052.3127 189.620 012.156
2019-10-10T09:51:36.359 130.6068 052.5663 189.620 012.464
2019-10-10T09:51:38.359 130.3164 052.8192 189.620 012.772
2019-10-10T09:51:40.359 130.0225 053.0713 189.620 013.080
2019-10-10T09:51:42.359 129.7252 053.3227 189.620 013.388
2019-10-10T09:51:44.359 129.4244 053.5733 189.620 013.696
2019-10-10T09:51:46.359 129.1199 053.8232 189.620 014.004
2019-10-10T09:51:48.359 128.8117 054.0723 189.620 014.312
2019-10-10T09:51:50.359 128.4998 054.3205 189.620 014.620
2019-10-10T09:51:52.359 128.1841 054.5680 189.620 014.928
2019-10-10T09:51:54.359 127.8645 054.8146 189.620 015.236
2019-10-10T09:51:57.006 127.4733 054.6342 189.928 015.236
2019-10-10T09:51:59.006 127.8185 054.4001 189.928 014.928
2019-10-10T09:52:01.006 128.1563 054.1634 189.928 014.620
2019-10-10T09:52:03.006 128.4902 053.9258 189.928 014.312
2019-10-10T09:52:05.006 128.8205 053.6872 189.928 014.004
2019-10-10T09:52:07.006 129.1470 053.4478 189.928 013.696
2019-10-10T09:52:09.006 129.4699 053.2076 189.928 013.388
2019-10-10T09:52:11.006 129.7892 052.9664 189.928 013.080
2019-10-10T09:52:13.006 130.1050 052.7245 189.928 012.772
2019-10-10T09:52:15.006 130.4173 052.4817 189.928 012.464
2019-10-10T09:52:17.006 130.7262 052.2381 189.928 012.156
2019-10-10T09:52:19.006 131.0318 051.9937 189.928 011.848
2019-10-10T09:52:21.006 131.3340 051.7486 189.928 011.540
2019-10-10T09:52:23.006 131.6331 051.5027 189.928 011.232
2019-10-10T09:52:25.006 131.9289 051.2560 189.928 010.924
2019-10-10T09:52:27.006 132.2216 051.0087 189.928 010.616
2019-10-10T09:52:29.006 132.5112 050.7606 189.928 010.308
2019-10-10T09:52:31.006 132.7977 050.5118 189.928 010.000
2019-10-10T09:52:33.006 133.0813 050.2623 189.928 009.692
2019-10-10T09:52:35.653 132.7008 050.0954 190.236 009.692
2019-10-10T09:52:37.653 132.4412 050.3550 190.236 010.000
2019-10-10T09:52:39.653 132.1753 050.6125 190.236 010.308
2019-10-10T09:52:41.653 131.9064 050.8694 190.236 010.616
2019-10-10T09:52:43.653 131.6346 051.1256 190.236 010.924
2019-10-10T09:52:45.653 131.3597 051.3812 190.236 011.232
2019-10-10T09:52:47.653 131.0817 051.6361 190.236 011.540
2019-10-10T09:52:49.653 130.8005 051.8904 190.236 011.848
2019-10-10T09:52:51.653 130.5161 052.1440 190.236 012.156
2019-10-10T09:52:53.653 130.2285 052.3968 190.236 012.464
2019-10-10T09:52:55.653 129.9375 052.6490 190.236 012.772
2019-10-10T09:52:57.653 129.6431 052.9004 190.236 013.080
2019-10-10T09:52:59.653 129.3452 053.1510 190.236 013.388
2019-10-10T09:53:01.653 129.0438 053.4009 190.236 013.696
2019-10-10T09:53:03.653 128.7389 053.6501 190.236 014.004
2019-10-10T09:53:05.653 128.4303 053.8984 190.236 014.312
2019-10-10T09:53:07.653 128.1180 054.1459 190.236 014.620
2019-10-10T09:53:09.653 127.8019 054.3926 190.236 014.928
2019-10-10T09:53:11.653 127.4819 054.6384 190.236 015.236
