RA_{0} = 263.9
RAfinal = 267.1
DEC_{0} = -21.9
DECfinal = -24.6
    Date/Time    AZ (Deg)  EL (Deg)  RA(Deg)  DEC(deg)
-------------------------------------------------------------------------
2019-11-13T12:47:00.000 155.1287 023.5889 263.900 -21.900
2019-11-13T12:47:02.000 155.5691 023.8420 263.900 -21.800
2019-11-13T12:47:04.000 155.5402 023.9388 263.900 -21.700
2019-11-13T12:47:06.000 155.5113 024.0356 263.900 -21.600
2019-11-13T12:47:08.000 155.4823 024.1323 263.900 -21.500
2019-11-13T12:47:10.000 155.4533 024.2291 263.900 -21.400
2019-11-13T12:47:12.000 155.4243 024.3259 263.900 -21.300
2019-11-13T12:47:14.000 155.3952 024.4227 263.900 -21.200
2019-11-13T12:47:16.000 155.3661 024.5194 263.900 -21.100
2019-11-13T12:47:18.000 155.3370 024.6162 263.900 -21.000
2019-11-13T12:47:20.000 155.3078 024.7129 263.900 -20.900
2019-11-13T12:47:22.000 155.2786 024.8097 263.900 -20.800
2019-11-13T12:47:24.000 155.2494 024.9064 263.900 -20.700
2019-11-13T12:47:26.000 155.2201 025.0032 263.900 -20.600
2019-11-13T12:47:28.000 155.1908 025.0999 263.900 -20.500
2019-11-13T12:47:30.000 155.1615 025.1967 263.900 -20.400
2019-11-13T12:47:32.000 155.1321 025.2934 263.900 -20.300
2019-11-13T12:47:34.000 155.1027 025.3902 263.900 -20.200
2019-11-13T12:47:36.000 155.0733 025.4869 263.900 -20.100
2019-11-13T12:47:38.000 155.0438 025.5836 263.900 -20.000
2019-11-13T12:47:40.000 155.0143 025.6804 263.900 -19.900
2019-11-13T12:47:42.000 154.9847 025.7771 263.900 -19.800
2019-11-13T12:47:44.000 154.9551 025.8738 263.900 -19.700
2019-11-13T12:47:46.000 154.9255 025.9705 263.900 -19.600
2019-11-13T12:47:48.000 154.8958 026.0673 263.900 -19.500
2019-11-13T12:47:50.000 154.8661 026.1640 263.900 -19.400
2019-11-13T12:47:52.000 154.8363 026.2607 263.900 -19.300
2019-11-13T12:47:54.000 154.8066 026.3574 263.900 -19.200
2019-11-13T12:47:56.000 154.7158 026.3278 264.000 -19.200
2019-11-13T12:47:58.000 154.7622 026.2366 264.000 -19.300
2019-11-13T12:48:00.000 154.8085 026.1453 264.000 -19.400
2019-11-13T12:48:02.000 154.8548 026.0540 264.000 -19.500
2019-11-13T12:48:04.000 154.9010 025.9627 264.000 -19.600
2019-11-13T12:48:05.396 154.9471 025.8714 264.000 -19.700
2019-11-13T12:48:07.396 154.9906 025.7792 264.000 -19.800
2019-11-13T12:48:09.396 155.0366 025.6879 264.000 -19.900
2019-11-13T12:48:11.396 155.0824 025.5965 264.000 -20.000
2019-11-13T12:48:13.396 155.1282 025.5051 264.000 -20.100
2019-11-13T12:48:15.396 155.1739 025.4137 264.000 -20.200
2019-11-13T12:48:17.396 155.2195 025.3222 264.000 -20.300
2019-11-13T12:48:19.396 155.2650 025.2308 264.000 -20.400
2019-11-13T12:48:21.396 155.3105 025.1393 264.000 -20.500
2019-11-13T12:48:23.396 155.3559 025.0478 264.000 -20.600
2019-11-13T12:48:25.396 155.4012 024.9563 264.000 -20.700
2019-11-13T12:48:27.396 155.4464 024.8648 264.000 -20.800
2019-11-13T12:48:29.396 155.4915 024.7733 264.000 -20.900
2019-11-13T12:48:31.396 155.5366 024.6817 264.000 -21.000
2019-11-13T12:48:33.396 155.5816 024.5901 264.000 -21.100
2019-11-13T12:48:35.396 155.6265 024.4986 264.000 -21.200
2019-11-13T12:48:37.396 155.6714 024.4069 264.000 -21.300
2019-11-13T12:48:39.396 155.7161 024.3153 264.000 -21.400
2019-11-13T12:48:41.396 155.7608 024.2237 264.000 -21.500
2019-11-13T12:48:43.396 155.8054 024.1320 264.000 -21.600
2019-11-13T12:48:45.396 155.8500 024.0403 264.000 -21.700
2019-11-13T12:48:47.396 155.8944 023.9487 264.000 -21.800
2019-11-13T12:48:49.396 155.9388 023.8569 264.000 -21.900
2019-11-13T12:48:51.396 155.8511 023.8286 264.100 -21.900
2019-11-13T12:48:53.396 155.8226 023.9255 264.100 -21.800
2019-11-13T12:48:55.396 155.7941 024.0224 264.100 -21.700
2019-11-13T12:48:57.396 155.7655 024.1192 264.100 -21.600
2019-11-13T12:48:59.396 155.7369 024.2161 264.100 -21.500
2019-11-13T12:49:01.396 155.7083 024.3130 264.100 -21.400
2019-11-13T12:49:03.396 155.6796 024.4098 264.100 -21.300
2019-11-13T12:49:05.396 155.6509 024.5067 264.100 -21.200
2019-11-13T12:49:07.396 155.6221 024.6035 264.100 -21.100
2019-11-13T12:49:09.396 155.5934 024.7004 264.100 -21.000
2019-11-13T12:49:10.791 155.5646 024.7972 264.100 -20.900
2019-11-13T12:49:12.791 155.5333 024.8933 264.100 -20.800
2019-11-13T12:49:14.791 155.5044 024.9901 264.100 -20.700
2019-11-13T12:49:16.791 155.4755 025.0870 264.100 -20.600
2019-11-13T12:49:18.791 155.4465 025.1838 264.100 -20.500
2019-11-13T12:49:20.791 155.4176 025.2807 264.100 -20.400
2019-11-13T12:49:22.791 155.3885 025.3775 264.100 -20.300
2019-11-13T12:49:24.791 155.3595 025.4743 264.100 -20.200
2019-11-13T12:49:26.791 155.3304 025.5712 264.100 -20.100
2019-11-13T12:49:28.791 155.3013 025.6680 264.100 -20.000
2019-11-13T12:49:30.791 155.2721 025.7648 264.100 -19.900
2019-11-13T12:49:32.791 155.2429 025.8616 264.100 -19.800
2019-11-13T12:49:34.791 155.2137 025.9585 264.100 -19.700
2019-11-13T12:49:36.791 155.1844 026.0553 264.100 -19.600
2019-11-13T12:49:38.791 155.1551 026.1521 264.100 -19.500
2019-11-13T12:49:40.791 155.1257 026.2489 264.100 -19.400
2019-11-13T12:49:42.791 155.0963 026.3457 264.100 -19.300
2019-11-13T12:49:44.791 155.0669 026.4425 264.100 -19.200
2019-11-13T12:49:46.791 154.9759 026.4132 264.200 -19.200
2019-11-13T12:49:48.791 155.0220 026.3218 264.200 -19.300
2019-11-13T12:49:50.791 155.0681 026.2304 264.200 -19.400
2019-11-13T12:49:52.791 155.1140 026.1390 264.200 -19.500
2019-11-13T12:49:54.791 155.1598 026.0475 264.200 -19.600
2019-11-13T12:49:56.791 155.2056 025.9560 264.200 -19.700
2019-11-13T12:49:58.791 155.2513 025.8646 264.200 -19.800
2019-11-13T12:50:00.791 155.2969 025.7730 264.200 -19.900
2019-11-13T12:50:02.791 155.3424 025.6815 264.200 -20.000
2019-11-13T12:50:04.791 155.3879 025.5900 264.200 -20.100
2019-11-13T12:50:06.791 155.4333 025.4984 264.200 -20.200
2019-11-13T12:50:08.791 155.4785 025.4068 264.200 -20.300
2019-11-13T12:50:10.791 155.5238 025.3152 264.200 -20.400
2019-11-13T12:50:12.791 155.5689 025.2236 264.200 -20.500
2019-11-13T12:50:14.791 155.6139 025.1320 264.200 -20.600
2019-11-13T12:50:16.187 155.6589 025.0403 264.200 -20.700
2019-11-13T12:50:18.187 155.7014 024.9479 264.200 -20.800
2019-11-13T12:50:20.187 155.7462 024.8562 264.200 -20.900
2019-11-13T12:50:22.187 155.7909 024.7645 264.200 -21.000
2019-11-13T12:50:24.187 155.8356 024.6728 264.200 -21.100
2019-11-13T12:50:26.187 155.8802 024.5811 264.200 -21.200
2019-11-13T12:50:28.187 155.9247 024.4893 264.200 -21.300
2019-11-13T12:50:30.187 155.9691 024.3975 264.200 -21.400
2019-11-13T12:50:32.187 156.0135 024.3058 264.200 -21.500
2019-11-13T12:50:34.187 156.0578 024.2140 264.200 -21.600
2019-11-13T12:50:36.187 156.1020 024.1221 264.200 -21.700
2019-11-13T12:50:38.187 156.1461 024.0303 264.200 -21.800
2019-11-13T12:50:40.187 156.1902 023.9384 264.200 -21.900
2019-11-13T12:50:42.187 156.1024 023.9104 264.300 -21.900
2019-11-13T12:50:44.187 156.0742 024.0074 264.300 -21.800
2019-11-13T12:50:46.187 156.0460 024.1043 264.300 -21.700
2019-11-13T12:50:48.187 156.0178 024.2013 264.300 -21.600
2019-11-13T12:50:50.187 155.9896 024.2983 264.300 -21.500
2019-11-13T12:50:52.187 155.9613 024.3952 264.300 -21.400
2019-11-13T12:50:54.187 155.9329 024.4922 264.300 -21.300
2019-11-13T12:50:56.187 155.9046 024.5891 264.300 -21.200
2019-11-13T12:50:58.187 155.8762 024.6861 264.300 -21.100
2019-11-13T12:51:00.187 155.8478 024.7830 264.300 -21.000
2019-11-13T12:51:02.187 155.8193 024.8799 264.300 -20.900
2019-11-13T12:51:04.187 155.7909 024.9769 264.300 -20.800
2019-11-13T12:51:06.187 155.7623 025.0738 264.300 -20.700
2019-11-13T12:51:08.187 155.7338 025.1708 264.300 -20.600
2019-11-13T12:51:10.187 155.7052 025.2677 264.300 -20.500
2019-11-13T12:51:12.187 155.6766 025.3646 264.300 -20.400
2019-11-13T12:51:14.187 155.6479 025.4615 264.300 -20.300
2019-11-13T12:51:16.187 155.6192 025.5585 264.300 -20.200
2019-11-13T12:51:18.187 155.5905 025.6554 264.300 -20.100
2019-11-13T12:51:20.187 155.5617 025.7523 264.300 -20.000
2019-11-13T12:51:21.583 155.5329 025.8492 264.300 -19.900
2019-11-13T12:51:23.583 155.5016 025.9453 264.300 -19.800
2019-11-13T12:51:25.583 155.4727 026.0423 264.300 -19.700
2019-11-13T12:51:27.583 155.4438 026.1392 264.300 -19.600
2019-11-13T12:51:29.583 155.4149 026.2361 264.300 -19.500
2019-11-13T12:51:31.583 155.3859 026.3330 264.300 -19.400
2019-11-13T12:51:33.583 155.3568 026.4299 264.300 -19.300
2019-11-13T12:51:35.583 155.3278 026.5268 264.300 -19.200
2019-11-13T12:51:37.583 155.2366 026.4978 264.400 -19.200
2019-11-13T12:51:39.583 155.2824 026.4062 264.400 -19.300
2019-11-13T12:51:41.583 155.3281 026.3147 264.400 -19.400
2019-11-13T12:51:43.583 155.3737 026.2231 264.400 -19.500
2019-11-13T12:51:45.583 155.4192 026.1315 264.400 -19.600
2019-11-13T12:51:47.583 155.4647 026.0399 264.400 -19.700
2019-11-13T12:51:49.583 155.5100 025.9482 264.400 -19.800
2019-11-13T12:51:51.583 155.5553 025.8566 264.400 -19.900
2019-11-13T12:51:53.583 155.6005 025.7649 264.400 -20.000
2019-11-13T12:51:55.583 155.6456 025.6732 264.400 -20.100
2019-11-13T12:51:57.583 155.6907 025.5815 264.400 -20.200
2019-11-13T12:51:59.583 155.7356 025.4898 264.400 -20.300
2019-11-13T12:52:01.583 155.7805 025.3981 264.400 -20.400
2019-11-13T12:52:03.583 155.8253 025.3063 264.400 -20.500
2019-11-13T12:52:05.583 155.8701 025.2145 264.400 -20.600
2019-11-13T12:52:07.583 155.9147 025.1227 264.400 -20.700
2019-11-13T12:52:09.583 155.9593 025.0309 264.400 -20.800
2019-11-13T12:52:11.583 156.0038 024.9391 264.400 -20.900
2019-11-13T12:52:13.583 156.0482 024.8473 264.400 -21.000
2019-11-13T12:52:15.583 156.0925 024.7554 264.400 -21.100
2019-11-13T12:52:17.583 156.1368 024.6635 264.400 -21.200
2019-11-13T12:52:19.583 156.1810 024.5716 264.400 -21.300
2019-11-13T12:52:21.583 156.2251 024.4797 264.400 -21.400
2019-11-13T12:52:23.583 156.2691 024.3878 264.400 -21.500
2019-11-13T12:52:25.583 156.3131 024.2959 264.400 -21.600
2019-11-13T12:52:26.978 156.3570 024.2039 264.400 -21.700
2019-11-13T12:52:28.978 156.3984 024.1111 264.400 -21.800
2019-11-13T12:52:30.978 156.4421 024.0192 264.400 -21.900
2019-11-13T12:52:32.978 156.3541 023.9914 264.500 -21.900
2019-11-13T12:52:34.978 156.3263 024.0885 264.500 -21.800
2019-11-13T12:52:36.978 156.2985 024.1855 264.500 -21.700
2019-11-13T12:52:38.978 156.2706 024.2826 264.500 -21.600
2019-11-13T12:52:40.978 156.2427 024.3796 264.500 -21.500
2019-11-13T12:52:42.978 156.2148 024.4766 264.500 -21.400
2019-11-13T12:52:44.978 156.1868 024.5737 264.500 -21.300
2019-11-13T12:52:46.978 156.1588 024.6707 264.500 -21.200
2019-11-13T12:52:48.978 156.1308 024.7678 264.500 -21.100
2019-11-13T12:52:50.978 156.1027 024.8648 264.500 -21.000
2019-11-13T12:52:52.978 156.0746 024.9618 264.500 -20.900
2019-11-13T12:52:54.978 156.0465 025.0589 264.500 -20.800
2019-11-13T12:52:56.978 156.0183 025.1559 264.500 -20.700
2019-11-13T12:52:58.978 155.9901 025.2529 264.500 -20.600
2019-11-13T12:53:00.978 155.9619 025.3499 264.500 -20.500
2019-11-13T12:53:02.978 155.9336 025.4469 264.500 -20.400
2019-11-13T12:53:04.978 155.9053 025.5440 264.500 -20.300
2019-11-13T12:53:06.978 155.8770 025.6410 264.500 -20.200
2019-11-13T12:53:08.978 155.8486 025.7380 264.500 -20.100
2019-11-13T12:53:10.978 155.8202 025.8350 264.500 -20.000
2019-11-13T12:53:12.978 155.7918 025.9320 264.500 -19.900
2019-11-13T12:53:14.978 155.7633 026.0290 264.500 -19.800
2019-11-13T12:53:16.978 155.7348 026.1260 264.500 -19.700
2019-11-13T12:53:18.978 155.7063 026.2230 264.500 -19.600
2019-11-13T12:53:20.978 155.6777 026.3200 264.500 -19.500
2019-11-13T12:53:22.978 155.6490 026.4170 264.500 -19.400
2019-11-13T12:53:24.978 155.6204 026.5140 264.500 -19.300
2019-11-13T12:53:26.978 155.5917 026.6110 264.500 -19.200
2019-11-13T12:53:28.978 155.5004 026.5823 264.600 -19.200
2019-11-13T12:53:30.978 155.5458 026.4906 264.600 -19.300
2019-11-13T12:53:32.374 155.5912 026.3989 264.600 -19.400
2019-11-13T12:53:34.374 155.6339 026.3064 264.600 -19.500
2019-11-13T12:53:36.374 155.6791 026.2146 264.600 -19.600
2019-11-13T12:53:38.374 155.7242 026.1229 264.600 -19.700
2019-11-13T12:53:40.374 155.7693 026.0311 264.600 -19.800
2019-11-13T12:53:42.374 155.8142 025.9393 264.600 -19.900
2019-11-13T12:53:44.374 155.8591 025.8475 264.600 -20.000
2019-11-13T12:53:46.374 155.9039 025.7557 264.600 -20.100
2019-11-13T12:53:48.374 155.9486 025.6638 264.600 -20.200
2019-11-13T12:53:50.374 155.9932 025.5719 264.600 -20.300
2019-11-13T12:53:52.374 156.0378 025.4801 264.600 -20.400
2019-11-13T12:53:54.374 156.0823 025.3882 264.600 -20.500
2019-11-13T12:53:56.374 156.1267 025.2963 264.600 -20.600
2019-11-13T12:53:58.374 156.1710 025.2043 264.600 -20.700
2019-11-13T12:54:00.374 156.2152 025.1124 264.600 -20.800
2019-11-13T12:54:02.374 156.2594 025.0204 264.600 -20.900
2019-11-13T12:54:04.374 156.3035 024.9284 264.600 -21.000
2019-11-13T12:54:06.374 156.3475 024.8364 264.600 -21.100
2019-11-13T12:54:08.374 156.3914 024.7444 264.600 -21.200
2019-11-13T12:54:10.374 156.4353 024.6524 264.600 -21.300
2019-11-13T12:54:12.374 156.4791 024.5603 264.600 -21.400
2019-11-13T12:54:14.374 156.5228 024.4682 264.600 -21.500
2019-11-13T12:54:16.374 156.5664 024.3762 264.600 -21.600
2019-11-13T12:54:18.374 156.6100 024.2841 264.600 -21.700
2019-11-13T12:54:20.374 156.6535 024.1919 264.600 -21.800
2019-11-13T12:54:22.374 156.6969 024.0998 264.600 -21.900
2019-11-13T12:54:24.374 156.6087 024.0723 264.700 -21.900
2019-11-13T12:54:26.374 156.5813 024.1695 264.700 -21.800
2019-11-13T12:54:28.374 156.5538 024.2666 264.700 -21.700
2019-11-13T12:54:30.374 156.5263 024.3638 264.700 -21.600
2019-11-13T12:54:32.374 156.4987 024.4609 264.700 -21.500
2019-11-13T12:54:34.374 156.4712 024.5580 264.700 -21.400
2019-11-13T12:54:36.374 156.4436 024.6552 264.700 -21.300
2019-11-13T12:54:37.769 156.4159 024.7523 264.700 -21.200
2019-11-13T12:54:39.769 156.3858 024.8486 264.700 -21.100
2019-11-13T12:54:41.769 156.3581 024.9458 264.700 -21.000
2019-11-13T12:54:43.769 156.3304 025.0429 264.700 -20.900
2019-11-13T12:54:45.769 156.3026 025.1400 264.700 -20.800
2019-11-13T12:54:47.769 156.2748 025.2371 264.700 -20.700
2019-11-13T12:54:49.769 156.2470 025.3342 264.700 -20.600
2019-11-13T12:54:51.769 156.2191 025.4314 264.700 -20.500
2019-11-13T12:54:53.769 156.1912 025.5285 264.700 -20.400
2019-11-13T12:54:55.769 156.1633 025.6256 264.700 -20.300
2019-11-13T12:54:57.769 156.1353 025.7227 264.700 -20.200
2019-11-13T12:54:59.769 156.1073 025.8198 264.700 -20.100
2019-11-13T12:55:01.769 156.0792 025.9169 264.700 -20.000
2019-11-13T12:55:03.769 156.0512 026.0140 264.700 -19.900
2019-11-13T12:55:05.769 156.0230 026.1111 264.700 -19.800
2019-11-13T12:55:07.769 155.9949 026.2082 264.700 -19.700
2019-11-13T12:55:09.769 155.9667 026.3053 264.700 -19.600
2019-11-13T12:55:11.769 155.9385 026.4024 264.700 -19.500
2019-11-13T12:55:13.769 155.9102 026.4994 264.700 -19.400
2019-11-13T12:55:15.769 155.8819 026.5965 264.700 -19.300
2019-11-13T12:55:17.769 155.8536 026.6936 264.700 -19.200
2019-11-13T12:55:19.769 155.7621 026.6652 264.800 -19.200
2019-11-13T12:55:21.769 155.8072 026.5734 264.800 -19.300
2019-11-13T12:55:23.769 155.8522 026.4815 264.800 -19.400
2019-11-13T12:55:25.769 155.8972 026.3896 264.800 -19.500
2019-11-13T12:55:27.769 155.9420 026.2977 264.800 -19.600
2019-11-13T12:55:29.769 155.9868 026.2058 264.800 -19.700
2019-11-13T12:55:31.769 156.0315 026.1139 264.800 -19.800
2019-11-13T12:55:33.769 156.0761 026.0220 264.800 -19.900
2019-11-13T12:55:35.769 156.1207 025.9300 264.800 -20.000
2019-11-13T12:55:37.769 156.1651 025.8380 264.800 -20.100
2019-11-13T12:55:39.769 156.2095 025.7461 264.800 -20.200
2019-11-13T12:55:41.769 156.2538 025.6540 264.800 -20.300
2019-11-13T12:55:43.165 156.2980 025.5620 264.800 -20.400
2019-11-13T12:55:45.165 156.3397 025.4692 264.800 -20.500
2019-11-13T12:55:47.165 156.3838 025.3772 264.800 -20.600
2019-11-13T12:55:49.165 156.4277 025.2851 264.800 -20.700
2019-11-13T12:55:51.165 156.4717 025.1930 264.800 -20.800
2019-11-13T12:55:53.165 156.5155 025.1009 264.800 -20.900
2019-11-13T12:55:55.165 156.5593 025.0088 264.800 -21.000
2019-11-13T12:55:57.165 156.6029 024.9166 264.800 -21.100
2019-11-13T12:55:59.165 156.6465 024.8245 264.800 -21.200
2019-11-13T12:56:01.165 156.6901 024.7323 264.800 -21.300
2019-11-13T12:56:03.165 156.7335 024.6401 264.800 -21.400
2019-11-13T12:56:05.165 156.7769 024.5479 264.800 -21.500
2019-11-13T12:56:07.165 156.8202 024.4557 264.800 -21.600
2019-11-13T12:56:09.165 156.8634 024.3634 264.800 -21.700
2019-11-13T12:56:11.165 156.9066 024.2712 264.800 -21.800
2019-11-13T12:56:13.165 156.9497 024.1789 264.800 -21.900
2019-11-13T12:56:15.165 156.8614 024.1517 264.900 -21.900
2019-11-13T12:56:17.165 156.8343 024.2489 264.900 -21.800
2019-11-13T12:56:19.165 156.8072 024.3462 264.900 -21.700
2019-11-13T12:56:21.165 156.7800 024.4434 264.900 -21.600
2019-11-13T12:56:23.165 156.7528 024.5406 264.900 -21.500
2019-11-13T12:56:25.165 156.7256 024.6378 264.900 -21.400
2019-11-13T12:56:27.165 156.6984 024.7351 264.900 -21.300
2019-11-13T12:56:29.165 156.6711 024.8323 264.900 -21.200
2019-11-13T12:56:31.165 156.6438 024.9295 264.900 -21.100
2019-11-13T12:56:33.165 156.6164 025.0267 264.900 -21.000
2019-11-13T12:56:35.165 156.5891 025.1239 264.900 -20.900
2019-11-13T12:56:37.165 156.5617 025.2211 264.900 -20.800
2019-11-13T12:56:39.165 156.5342 025.3183 264.900 -20.700
2019-11-13T12:56:41.165 156.5068 025.4155 264.900 -20.600
2019-11-13T12:56:43.165 156.4793 025.5127 264.900 -20.500
2019-11-13T12:56:45.165 156.4517 025.6099 264.900 -20.400
2019-11-13T12:56:47.165 156.4242 025.7071 264.900 -20.300
2019-11-13T12:56:48.561 156.3966 025.8043 264.900 -20.200
2019-11-13T12:56:50.561 156.3664 025.9007 264.900 -20.100
2019-11-13T12:56:52.561 156.3387 025.9979 264.900 -20.000
2019-11-13T12:56:54.561 156.3110 026.0951 264.900 -19.900
2019-11-13T12:56:56.561 156.2833 026.1923 264.900 -19.800
2019-11-13T12:56:58.561 156.2555 026.2895 264.900 -19.700
2019-11-13T12:57:00.561 156.2277 026.3867 264.900 -19.600
2019-11-13T12:57:02.561 156.1998 026.4838 264.900 -19.500
2019-11-13T12:57:04.561 156.1719 026.5810 264.900 -19.400
2019-11-13T12:57:06.561 156.1440 026.6782 264.900 -19.300
2019-11-13T12:57:08.561 156.1160 026.7754 264.900 -19.200
2019-11-13T12:57:10.561 156.0244 026.7473 265.000 -19.200
2019-11-13T12:57:12.561 156.0691 026.6553 265.000 -19.300
2019-11-13T12:57:14.561 156.1138 026.5633 265.000 -19.400
2019-11-13T12:57:16.561 156.1584 026.4713 265.000 -19.500
2019-11-13T12:57:18.561 156.2030 026.3792 265.000 -19.600
2019-11-13T12:57:20.561 156.2474 026.2872 265.000 -19.700
2019-11-13T12:57:22.561 156.2918 026.1951 265.000 -19.800
2019-11-13T12:57:24.561 156.3360 026.1030 265.000 -19.900
2019-11-13T12:57:26.561 156.3803 026.0109 265.000 -20.000
2019-11-13T12:57:28.561 156.4244 025.9188 265.000 -20.100
2019-11-13T12:57:30.561 156.4684 025.8267 265.000 -20.200
2019-11-13T12:57:32.561 156.5124 025.7345 265.000 -20.300
2019-11-13T12:57:34.561 156.5563 025.6424 265.000 -20.400
2019-11-13T12:57:36.561 156.6001 025.5502 265.000 -20.500
2019-11-13T12:57:38.561 156.6438 025.4580 265.000 -20.600
2019-11-13T12:57:40.561 156.6875 025.3658 265.000 -20.700
2019-11-13T12:57:42.561 156.7310 025.2735 265.000 -20.800
2019-11-13T12:57:44.561 156.7745 025.1813 265.000 -20.900
2019-11-13T12:57:46.561 156.8180 025.0890 265.000 -21.000
2019-11-13T12:57:48.561 156.8613 024.9967 265.000 -21.100
2019-11-13T12:57:50.561 156.9046 024.9044 265.000 -21.200
2019-11-13T12:57:52.561 156.9478 024.8121 265.000 -21.300
2019-11-13T12:57:53.956 156.9909 024.7198 265.000 -21.400
2019-11-13T12:57:55.956 157.0315 024.6267 265.000 -21.500
2019-11-13T12:57:57.956 157.0745 024.5343 265.000 -21.600
2019-11-13T12:57:59.956 157.1174 024.4420 265.000 -21.700
2019-11-13T12:58:01.956 157.1602 024.3496 265.000 -21.800
2019-11-13T12:58:03.956 157.2030 024.2572 265.000 -21.900
2019-11-13T12:58:05.956 157.1145 024.2303 265.100 -21.900
2019-11-13T12:58:07.956 157.0878 024.3276 265.100 -21.800
2019-11-13T12:58:09.956 157.0610 024.4249 265.100 -21.700
2019-11-13T12:58:11.956 157.0342 024.5222 265.100 -21.600
2019-11-13T12:58:13.956 157.0074 024.6195 265.100 -21.500
2019-11-13T12:58:15.956 156.9805 024.7168 265.100 -21.400
2019-11-13T12:58:17.956 156.9536 024.8141 265.100 -21.300
2019-11-13T12:58:19.956 156.9267 024.9114 265.100 -21.200
2019-11-13T12:58:21.956 156.8998 025.0087 265.100 -21.100
2019-11-13T12:58:23.956 156.8728 025.1060 265.100 -21.000
2019-11-13T12:58:25.956 156.8458 025.2033 265.100 -20.900
2019-11-13T12:58:27.956 156.8188 025.3006 265.100 -20.800
2019-11-13T12:58:29.956 156.7917 025.3979 265.100 -20.700
2019-11-13T12:58:31.956 156.7646 025.4952 265.100 -20.600
2019-11-13T12:58:33.956 156.7374 025.5925 265.100 -20.500
2019-11-13T12:58:35.956 156.7103 025.6898 265.100 -20.400
2019-11-13T12:58:37.956 156.6831 025.7871 265.100 -20.300
2019-11-13T12:58:39.956 156.6558 025.8844 265.100 -20.200
2019-11-13T12:58:41.956 156.6286 025.9816 265.100 -20.100
2019-11-13T12:58:43.956 156.6013 026.0789 265.100 -20.000
2019-11-13T12:58:45.956 156.5739 026.1762 265.100 -19.900
2019-11-13T12:58:47.956 156.5465 026.2735 265.100 -19.800
2019-11-13T12:58:49.956 156.5191 026.3707 265.100 -19.700
2019-11-13T12:58:51.956 156.4917 026.4680 265.100 -19.600
2019-11-13T12:58:53.956 156.4642 026.5653 265.100 -19.500
2019-11-13T12:58:55.956 156.4367 026.6625 265.100 -19.400
2019-11-13T12:58:57.956 156.4091 026.7598 265.100 -19.300
2019-11-13T12:58:59.352 156.3815 026.8571 265.100 -19.200
2019-11-13T12:59:01.352 156.2871 026.8285 265.200 -19.200
2019-11-13T12:59:03.352 156.3316 026.7364 265.200 -19.300
2019-11-13T12:59:05.352 156.3759 026.6442 265.200 -19.400
2019-11-13T12:59:07.352 156.4202 026.5521 265.200 -19.500
2019-11-13T12:59:09.352 156.4644 026.4599 265.200 -19.600
2019-11-13T12:59:11.352 156.5085 026.3677 265.200 -19.700
2019-11-13T12:59:13.352 156.5525 026.2755 265.200 -19.800
2019-11-13T12:59:15.352 156.5965 026.1833 265.200 -19.900
2019-11-13T12:59:17.352 156.6403 026.0910 265.200 -20.000
2019-11-13T12:59:19.352 156.6841 025.9988 265.200 -20.100
2019-11-13T12:59:21.352 156.7278 025.9065 265.200 -20.200
2019-11-13T12:59:23.352 156.7715 025.8142 265.200 -20.300
2019-11-13T12:59:25.352 156.8150 025.7219 265.200 -20.400
2019-11-13T12:59:27.352 156.8585 025.6296 265.200 -20.500
2019-11-13T12:59:29.352 156.9019 025.5372 265.200 -20.600
2019-11-13T12:59:31.352 156.9452 025.4449 265.200 -20.700
2019-11-13T12:59:33.352 156.9885 025.3525 265.200 -20.800
2019-11-13T12:59:35.352 157.0316 025.2601 265.200 -20.900
2019-11-13T12:59:37.352 157.0747 025.1677 265.200 -21.000
2019-11-13T12:59:39.352 157.1177 025.0753 265.200 -21.100
2019-11-13T12:59:41.352 157.1607 024.9829 265.200 -21.200
2019-11-13T12:59:43.352 157.2035 024.8904 265.200 -21.300
2019-11-13T12:59:45.352 157.2463 024.7979 265.200 -21.400
2019-11-13T12:59:47.352 157.2890 024.7055 265.200 -21.500
2019-11-13T12:59:49.352 157.3317 024.6130 265.200 -21.600
2019-11-13T12:59:51.352 157.3742 024.5204 265.200 -21.700
2019-11-13T12:59:53.352 157.4167 024.4279 265.200 -21.800
2019-11-13T12:59:55.352 157.4591 024.3354 265.200 -21.900
2019-11-13T12:59:57.352 157.3705 024.3087 265.300 -21.900
2019-11-13T12:59:59.352 157.3441 024.4061 265.300 -21.800
2019-11-13T13:00:01.352 157.3177 024.5035 265.300 -21.700
2019-11-13T13:00:03.352 157.2913 024.6009 265.300 -21.600
2019-11-13T13:00:04.748 157.2649 024.6983 265.300 -21.500
2019-11-13T13:00:06.748 157.2359 024.7950 265.300 -21.400
2019-11-13T13:00:08.748 157.2094 024.8924 265.300 -21.300
2019-11-13T13:00:10.748 157.1828 024.9898 265.300 -21.200
2019-11-13T13:00:12.748 157.1563 025.0872 265.300 -21.100
2019-11-13T13:00:14.748 157.1297 025.1845 265.300 -21.000
2019-11-13T13:00:16.748 157.1030 025.2819 265.300 -20.900
2019-11-13T13:00:18.748 157.0763 025.3793 265.300 -20.800
2019-11-13T13:00:20.748 157.0496 025.4767 265.300 -20.700
2019-11-13T13:00:22.748 157.0229 025.5741 265.300 -20.600
2019-11-13T13:00:24.748 156.9961 025.6714 265.300 -20.500
2019-11-13T13:00:26.748 156.9693 025.7688 265.300 -20.400
2019-11-13T13:00:28.748 156.9425 025.8662 265.300 -20.300
2019-11-13T13:00:30.748 156.9156 025.9636 265.300 -20.200
2019-11-13T13:00:32.748 156.8887 026.0609 265.300 -20.100
2019-11-13T13:00:34.748 156.8618 026.1583 265.300 -20.000
2019-11-13T13:00:36.748 156.8348 026.2557 265.300 -19.900
2019-11-13T13:00:38.748 156.8078 026.3530 265.300 -19.800
2019-11-13T13:00:40.748 156.7807 026.4504 265.300 -19.700
2019-11-13T13:00:42.748 156.7537 026.5477 265.300 -19.600
2019-11-13T13:00:44.748 156.7265 026.6451 265.300 -19.500
2019-11-13T13:00:46.748 156.6994 026.7424 265.300 -19.400
2019-11-13T13:00:48.748 156.6722 026.8398 265.300 -19.300
2019-11-13T13:00:50.748 156.6450 026.9371 265.300 -19.200
2019-11-13T13:00:52.748 156.5530 026.9096 265.400 -19.200
2019-11-13T13:00:54.748 156.5970 026.8174 265.400 -19.300
2019-11-13T13:00:56.748 156.6411 026.7251 265.400 -19.400
2019-11-13T13:00:58.748 156.6850 026.6328 265.400 -19.500
2019-11-13T13:01:00.748 156.7288 026.5405 265.400 -19.600
2019-11-13T13:01:02.748 156.7726 026.4481 265.400 -19.700
2019-11-13T13:01:04.748 156.8163 026.3558 265.400 -19.800
2019-11-13T13:01:06.748 156.8599 026.2634 265.400 -19.900
2019-11-13T13:01:08.748 156.9034 026.1710 265.400 -20.000
2019-11-13T13:01:10.143 156.9469 026.0786 265.400 -20.100
2019-11-13T13:01:12.143 156.9877 025.9855 265.400 -20.200
2019-11-13T13:01:14.143 157.0310 025.8930 265.400 -20.300
2019-11-13T13:01:16.143 157.0742 025.8006 265.400 -20.400
2019-11-13T13:01:18.143 157.1174 025.7081 265.400 -20.500
2019-11-13T13:01:20.143 157.1604 025.6157 265.400 -20.600
2019-11-13T13:01:22.143 157.2034 025.5232 265.400 -20.700
2019-11-13T13:01:24.143 157.2463 025.4306 265.400 -20.800
2019-11-13T13:01:26.143 157.2892 025.3381 265.400 -20.900
2019-11-13T13:01:28.143 157.3319 025.2456 265.400 -21.000
2019-11-13T13:01:30.143 157.3746 025.1530 265.400 -21.100
2019-11-13T13:01:32.143 157.4172 025.0604 265.400 -21.200
2019-11-13T13:01:34.143 157.4597 024.9679 265.400 -21.300
2019-11-13T13:01:36.143 157.5022 024.8753 265.400 -21.400
2019-11-13T13:01:38.143 157.5446 024.7826 265.400 -21.500
2019-11-13T13:01:40.143 157.5869 024.6900 265.400 -21.600
2019-11-13T13:01:42.143 157.6291 024.5973 265.400 -21.700
2019-11-13T13:01:44.143 157.6712 024.5047 265.400 -21.800
2019-11-13T13:01:46.143 157.7133 024.4120 265.400 -21.900
2019-11-13T13:01:48.143 157.6245 024.3857 265.500 -21.900
2019-11-13T13:01:50.143 157.5985 024.4831 265.500 -21.800
2019-11-13T13:01:52.143 157.5725 024.5806 265.500 -21.700
2019-11-13T13:01:54.143 157.5464 024.6781 265.500 -21.600
2019-11-13T13:01:56.143 157.5203 024.7756 265.500 -21.500
2019-11-13T13:01:58.143 157.4942 024.8731 265.500 -21.400
2019-11-13T13:02:00.143 157.4681 024.9705 265.500 -21.300
2019-11-13T13:02:02.143 157.4419 025.0680 265.500 -21.200
2019-11-13T13:02:04.143 157.4157 025.1655 265.500 -21.100
2019-11-13T13:02:06.143 157.3894 025.2630 265.500 -21.000
2019-11-13T13:02:08.143 157.3632 025.3604 265.500 -20.900
2019-11-13T13:02:10.143 157.3369 025.4579 265.500 -20.800
2019-11-13T13:02:12.143 157.3105 025.5554 265.500 -20.700
2019-11-13T13:02:14.143 157.2842 025.6528 265.500 -20.600
2019-11-13T13:02:15.539 157.2578 025.7503 265.500 -20.500
2019-11-13T13:02:17.539 157.2288 025.8470 265.500 -20.400
2019-11-13T13:02:19.539 157.2024 025.9445 265.500 -20.300
2019-11-13T13:02:21.539 157.1759 026.0419 265.500 -20.200
2019-11-13T13:02:23.539 157.1493 026.1394 265.500 -20.100
2019-11-13T13:02:25.539 157.1228 026.2368 265.500 -20.000
2019-11-13T13:02:27.539 157.0962 026.3343 265.500 -19.900
2019-11-13T13:02:29.539 157.0695 026.4317 265.500 -19.800
2019-11-13T13:02:31.539 157.0428 026.5292 265.500 -19.700
2019-11-13T13:02:33.539 157.0161 026.6266 265.500 -19.600
2019-11-13T13:02:35.539 156.9894 026.7241 265.500 -19.500
2019-11-13T13:02:37.539 156.9626 026.8215 265.500 -19.400
2019-11-13T13:02:39.539 156.9358 026.9189 265.500 -19.300
2019-11-13T13:02:41.539 156.9090 027.0164 265.500 -19.200
2019-11-13T13:02:43.539 156.8168 026.9891 265.600 -19.200
2019-11-13T13:02:45.539 156.8605 026.8967 265.600 -19.300
2019-11-13T13:02:47.539 156.9042 026.8043 265.600 -19.400
2019-11-13T13:02:49.539 156.9478 026.7119 265.600 -19.500
2019-11-13T13:02:51.539 156.9913 026.6194 265.600 -19.600
2019-11-13T13:02:53.539 157.0347 026.5270 265.600 -19.700
2019-11-13T13:02:55.539 157.0780 026.4345 265.600 -19.800
2019-11-13T13:02:57.539 157.1213 026.3420 265.600 -19.900
2019-11-13T13:02:59.539 157.1645 026.2494 265.600 -20.000
2019-11-13T13:03:01.539 157.2076 026.1569 265.600 -20.100
2019-11-13T13:03:03.539 157.2506 026.0644 265.600 -20.200
2019-11-13T13:03:05.539 157.2936 025.9718 265.600 -20.300
2019-11-13T13:03:07.539 157.3365 025.8792 265.600 -20.400
2019-11-13T13:03:09.539 157.3793 025.7866 265.600 -20.500
2019-11-13T13:03:11.539 157.4220 025.6940 265.600 -20.600
2019-11-13T13:03:13.539 157.4646 025.6013 265.600 -20.700
2019-11-13T13:03:15.539 157.5072 025.5087 265.600 -20.800
2019-11-13T13:03:17.539 157.5497 025.4160 265.600 -20.900
2019-11-13T13:03:19.539 157.5921 025.3233 265.600 -21.000
2019-11-13T13:03:20.934 157.6344 025.2306 265.600 -21.100
2019-11-13T13:03:22.934 157.6742 025.1372 265.600 -21.200
2019-11-13T13:03:24.934 157.7164 025.0445 265.600 -21.300
2019-11-13T13:03:26.934 157.7585 024.9517 265.600 -21.400
2019-11-13T13:03:28.934 157.8005 024.8590 265.600 -21.500
2019-11-13T13:03:30.934 157.8425 024.7662 265.600 -21.600
2019-11-13T13:03:32.934 157.8844 024.6734 265.600 -21.700
2019-11-13T13:03:34.934 157.9262 024.5806 265.600 -21.800
2019-11-13T13:03:36.934 157.9680 024.4878 265.600 -21.900
2019-11-13T13:03:38.934 157.8790 024.4618 265.700 -21.900
2019-11-13T13:03:40.934 157.8534 024.5593 265.700 -21.800
2019-11-13T13:03:42.934 157.8277 024.6569 265.700 -21.700
2019-11-13T13:03:44.934 157.8020 024.7545 265.700 -21.600
2019-11-13T13:03:46.934 157.7763 024.8520 265.700 -21.500
2019-11-13T13:03:48.934 157.7505 024.9496 265.700 -21.400
2019-11-13T13:03:50.934 157.7248 025.0471 265.700 -21.300
2019-11-13T13:03:52.934 157.6989 025.1447 265.700 -21.200
2019-11-13T13:03:54.934 157.6731 025.2423 265.700 -21.100
2019-11-13T13:03:56.934 157.6472 025.3398 265.700 -21.000
2019-11-13T13:03:58.934 157.6213 025.4374 265.700 -20.900
2019-11-13T13:04:00.934 157.5954 025.5349 265.700 -20.800
2019-11-13T13:04:02.934 157.5694 025.6325 265.700 -20.700
2019-11-13T13:04:04.934 157.5434 025.7300 265.700 -20.600
2019-11-13T13:04:06.934 157.5174 025.8276 265.700 -20.500
2019-11-13T13:04:08.934 157.4913 025.9251 265.700 -20.400
2019-11-13T13:04:10.934 157.4652 026.0227 265.700 -20.300
2019-11-13T13:04:12.934 157.4391 026.1202 265.700 -20.200
2019-11-13T13:04:14.934 157.4129 026.2177 265.700 -20.100
2019-11-13T13:04:16.934 157.3868 026.3153 265.700 -20.000
2019-11-13T13:04:18.934 157.3605 026.4128 265.700 -19.900
2019-11-13T13:04:20.934 157.3343 026.5104 265.700 -19.800
2019-11-13T13:04:22.934 157.3080 026.6079 265.700 -19.700
2019-11-13T13:04:24.934 157.2816 026.7054 265.700 -19.600
2019-11-13T13:04:26.330 157.2553 026.8029 265.700 -19.500
2019-11-13T13:04:28.330 157.2264 026.8997 265.700 -19.400
2019-11-13T13:04:30.330 157.1999 026.9972 265.700 -19.300
2019-11-13T13:04:32.330 157.1734 027.0948 265.700 -19.200
2019-11-13T13:04:34.330 157.0811 027.0678 265.800 -19.200
2019-11-13T13:04:36.330 157.1245 026.9753 265.800 -19.300
2019-11-13T13:04:38.330 157.1678 026.8827 265.800 -19.400
2019-11-13T13:04:40.330 157.2110 026.7901 265.800 -19.500
2019-11-13T13:04:42.330 157.2542 026.6976 265.800 -19.600
2019-11-13T13:04:44.330 157.2973 026.6049 265.800 -19.700
2019-11-13T13:04:46.330 157.3403 026.5123 265.800 -19.800
2019-11-13T13:04:48.330 157.3832 026.4197 265.800 -19.900
2019-11-13T13:04:50.330 157.4261 026.3270 265.800 -20.000
2019-11-13T13:04:52.330 157.4688 026.2343 265.800 -20.100
2019-11-13T13:04:54.330 157.5115 026.1416 265.800 -20.200
2019-11-13T13:04:56.330 157.5541 026.0489 265.800 -20.300
2019-11-13T13:04:58.330 157.5967 025.9562 265.800 -20.400
2019-11-13T13:05:00.330 157.6391 025.8635 265.800 -20.500
2019-11-13T13:05:02.330 157.6815 025.7707 265.800 -20.600
2019-11-13T13:05:04.330 157.7238 025.6779 265.800 -20.700
2019-11-13T13:05:06.330 157.7660 025.5852 265.800 -20.800
2019-11-13T13:05:08.330 157.8082 025.4924 265.800 -20.900
2019-11-13T13:05:10.330 157.8502 025.3995 265.800 -21.000
2019-11-13T13:05:12.330 157.8922 025.3067 265.800 -21.100
2019-11-13T13:05:14.330 157.9341 025.2139 265.800 -21.200
2019-11-13T13:05:16.330 157.9760 025.1210 265.800 -21.300
2019-11-13T13:05:18.330 158.0178 025.0281 265.800 -21.400
2019-11-13T13:05:20.330 158.0595 024.9352 265.800 -21.500
2019-11-13T13:05:22.330 158.1011 024.8423 265.800 -21.600
2019-11-13T13:05:24.330 158.1426 024.7494 265.800 -21.700
2019-11-13T13:05:26.330 158.1841 024.6564 265.800 -21.800
2019-11-13T13:05:28.330 158.2255 024.5635 265.800 -21.900
2019-11-13T13:05:30.330 158.1364 024.5377 265.900 -21.900
2019-11-13T13:05:31.726 158.1111 024.6354 265.900 -21.800
2019-11-13T13:05:33.726 158.0834 024.7323 265.900 -21.700
2019-11-13T13:05:35.726 158.0581 024.8300 265.900 -21.600
2019-11-13T13:05:37.726 158.0327 024.9276 265.900 -21.500
2019-11-13T13:05:39.726 158.0073 025.0253 265.900 -21.400
2019-11-13T13:05:41.726 157.9819 025.1229 265.900 -21.300
2019-11-13T13:05:43.726 157.9565 025.2206 265.900 -21.200
2019-11-13T13:05:45.726 157.9310 025.3182 265.900 -21.100
2019-11-13T13:05:47.726 157.9055 025.4158 265.900 -21.000
2019-11-13T13:05:49.726 157.8799 025.5135 265.900 -20.900
2019-11-13T13:05:51.726 157.8544 025.6111 265.900 -20.800
2019-11-13T13:05:53.726 157.8288 025.7087 265.900 -20.700
2019-11-13T13:05:55.726 157.8032 025.8064 265.900 -20.600
2019-11-13T13:05:57.726 157.7775 025.9040 265.900 -20.500
2019-11-13T13:05:59.726 157.7518 026.0016 265.900 -20.400
2019-11-13T13:06:01.726 157.7261 026.0993 265.900 -20.300
2019-11-13T13:06:03.726 157.7003 026.1969 265.900 -20.200
2019-11-13T13:06:05.726 157.6745 026.2945 265.900 -20.100
2019-11-13T13:06:07.726 157.6487 026.3921 265.900 -20.000
2019-11-13T13:06:09.726 157.6229 026.4898 265.900 -19.900
2019-11-13T13:06:11.726 157.5970 026.5874 265.900 -19.800
2019-11-13T13:06:13.726 157.5711 026.6850 265.900 -19.700
2019-11-13T13:06:15.726 157.5451 026.7826 265.900 -19.600
2019-11-13T13:06:17.726 157.5191 026.8802 265.900 -19.500
2019-11-13T13:06:19.726 157.4931 026.9778 265.900 -19.400
2019-11-13T13:06:21.726 157.4671 027.0754 265.900 -19.300
2019-11-13T13:06:23.726 157.4410 027.1730 265.900 -19.200
2019-11-13T13:06:25.726 157.3484 027.1464 266.000 -19.200
2019-11-13T13:06:27.726 157.3915 027.0537 266.000 -19.300
2019-11-13T13:06:29.726 157.4345 026.9610 266.000 -19.400
2019-11-13T13:06:31.726 157.4774 026.8683 266.000 -19.500
2019-11-13T13:06:33.726 157.5202 026.7756 266.000 -19.600
2019-11-13T13:06:35.726 157.5629 026.6828 266.000 -19.700
2019-11-13T13:06:37.121 157.6056 026.5900 266.000 -19.800
2019-11-13T13:06:39.121 157.6456 026.4965 266.000 -19.900
2019-11-13T13:06:41.121 157.6881 026.4037 266.000 -20.000
2019-11-13T13:06:43.121 157.7305 026.3109 266.000 -20.100
2019-11-13T13:06:45.121 157.7729 026.2181 266.000 -20.200
2019-11-13T13:06:47.121 157.8151 026.1253 266.000 -20.300
2019-11-13T13:06:49.121 157.8573 026.0324 266.000 -20.400
2019-11-13T13:06:51.121 157.8994 025.9395 266.000 -20.500
2019-11-13T13:06:53.121 157.9415 025.8466 266.000 -20.600
2019-11-13T13:06:55.121 157.9834 025.7537 266.000 -20.700
2019-11-13T13:06:57.121 158.0253 025.6608 266.000 -20.800
2019-11-13T13:06:59.121 158.0671 025.5679 266.000 -20.900
2019-11-13T13:07:01.121 158.1088 025.4749 266.000 -21.000
2019-11-13T13:07:03.121 158.1505 025.3819 266.000 -21.100
2019-11-13T13:07:05.121 158.1921 025.2889 266.000 -21.200
2019-11-13T13:07:07.121 158.2336 025.1959 266.000 -21.300
2019-11-13T13:07:09.121 158.2750 025.1029 266.000 -21.400
2019-11-13T13:07:11.121 158.3164 025.0099 266.000 -21.500
2019-11-13T13:07:13.121 158.3576 024.9169 266.000 -21.600
2019-11-13T13:07:15.121 158.3989 024.8238 266.000 -21.700
2019-11-13T13:07:17.121 158.4400 024.7307 266.000 -21.800
2019-11-13T13:07:19.121 158.4811 024.6376 266.000 -21.900
2019-11-13T13:07:21.121 158.3918 024.6122 266.100 -21.900
2019-11-13T13:07:23.121 158.3669 024.7099 266.100 -21.800
2019-11-13T13:07:25.121 158.3420 024.8076 266.100 -21.700
2019-11-13T13:07:27.121 158.3170 024.9054 266.100 -21.600
2019-11-13T13:07:29.121 158.2920 025.0031 266.100 -21.500
2019-11-13T13:07:31.121 158.2670 025.1008 266.100 -21.400
2019-11-13T13:07:33.121 158.2420 025.1986 266.100 -21.300
2019-11-13T13:07:35.121 158.2169 025.2963 266.100 -21.200
2019-11-13T13:07:37.121 158.1918 025.3940 266.100 -21.100
2019-11-13T13:07:39.121 158.1667 025.4917 266.100 -21.000
2019-11-13T13:07:41.121 158.1415 025.5894 266.100 -20.900
2019-11-13T13:07:42.517 158.1163 025.6872 266.100 -20.800
2019-11-13T13:07:44.517 158.0886 025.7842 266.100 -20.700
2019-11-13T13:07:46.517 158.0634 025.8819 266.100 -20.600
2019-11-13T13:07:48.517 158.0381 025.9796 266.100 -20.500
2019-11-13T13:07:50.517 158.0128 026.0773 266.100 -20.400
2019-11-13T13:07:52.517 157.9874 026.1750 266.100 -20.300
2019-11-13T13:07:54.517 157.9620 026.2727 266.100 -20.200
2019-11-13T13:07:56.517 157.9366 026.3704 266.100 -20.100
2019-11-13T13:07:58.517 157.9112 026.4681 266.100 -20.000
2019-11-13T13:08:00.517 157.8857 026.5658 266.100 -19.900
2019-11-13T13:08:02.517 157.8602 026.6635 266.100 -19.800
2019-11-13T13:08:04.517 157.8347 026.7612 266.100 -19.700
2019-11-13T13:08:06.517 157.8091 026.8589 266.100 -19.600
2019-11-13T13:08:08.517 157.7835 026.9566 266.100 -19.500
2019-11-13T13:08:10.517 157.7578 027.0543 266.100 -19.400
2019-11-13T13:08:12.517 157.7322 027.1520 266.100 -19.300
2019-11-13T13:08:14.517 157.7065 027.2497 266.100 -19.200
2019-11-13T13:08:16.517 157.6137 027.2234 266.200 -19.200
2019-11-13T13:08:18.517 157.6564 027.1305 266.200 -19.300
2019-11-13T13:08:20.517 157.6991 027.0377 266.200 -19.400
2019-11-13T13:08:22.517 157.7416 026.9449 266.200 -19.500
2019-11-13T13:08:24.517 157.7841 026.8520 266.200 -19.600
2019-11-13T13:08:26.517 157.8265 026.7591 266.200 -19.700
2019-11-13T13:08:28.517 157.8688 026.6662 266.200 -19.800
2019-11-13T13:08:30.517 157.9110 026.5733 266.200 -19.900
2019-11-13T13:08:32.517 157.9532 026.4803 266.200 -20.000
2019-11-13T13:08:34.517 157.9952 026.3874 266.200 -20.100
2019-11-13T13:08:36.517 158.0372 026.2944 266.200 -20.200
2019-11-13T13:08:38.517 158.0792 026.2014 266.200 -20.300
2019-11-13T13:08:40.517 158.1210 026.1084 266.200 -20.400
2019-11-13T13:08:42.517 158.1628 026.0154 266.200 -20.500
2019-11-13T13:08:44.517 158.2044 025.9224 266.200 -20.600
2019-11-13T13:08:46.517 158.2460 025.8294 266.200 -20.700
2019-11-13T13:08:47.913 158.2876 025.7363 266.200 -20.800
2019-11-13T13:08:49.913 158.3265 025.6425 266.200 -20.900
2019-11-13T13:08:51.913 158.3679 025.5494 266.200 -21.000
2019-11-13T13:08:53.913 158.4092 025.4563 266.200 -21.100
2019-11-13T13:08:55.913 158.4505 025.3632 266.200 -21.200
2019-11-13T13:08:57.913 158.4916 025.2701 266.200 -21.300
2019-11-13T13:08:59.913 158.5327 025.1769 266.200 -21.400
2019-11-13T13:09:01.913 158.5737 025.0838 266.200 -21.500
2019-11-13T13:09:03.913 158.6147 024.9906 266.200 -21.600
2019-11-13T13:09:05.913 158.6555 024.8974 266.200 -21.700
2019-11-13T13:09:07.913 158.6963 024.8042 266.200 -21.800
2019-11-13T13:09:09.913 158.7370 024.7110 266.200 -21.900
2019-11-13T13:09:11.913 158.6476 024.6858 266.300 -21.900
2019-11-13T13:09:13.913 158.6231 024.7836 266.300 -21.800
2019-11-13T13:09:15.913 158.5985 024.8814 266.300 -21.700
2019-11-13T13:09:17.913 158.5740 024.9792 266.300 -21.600
2019-11-13T13:09:19.913 158.5493 025.0770 266.300 -21.500
2019-11-13T13:09:21.913 158.5247 025.1748 266.300 -21.400
2019-11-13T13:09:23.913 158.5000 025.2726 266.300 -21.300
2019-11-13T13:09:25.913 158.4753 025.3705 266.300 -21.200
2019-11-13T13:09:27.913 158.4506 025.4683 266.300 -21.100
2019-11-13T13:09:29.913 158.4259 025.5661 266.300 -21.000
2019-11-13T13:09:31.913 158.4011 025.6639 266.300 -20.900
2019-11-13T13:09:33.913 158.3763 025.7617 266.300 -20.800
2019-11-13T13:09:35.913 158.3514 025.8595 266.300 -20.700
2019-11-13T13:09:37.913 158.3265 025.9573 266.300 -20.600
2019-11-13T13:09:39.913 158.3016 026.0551 266.300 -20.500
2019-11-13T13:09:41.913 158.2767 026.1528 266.300 -20.400
2019-11-13T13:09:43.913 158.2517 026.2506 266.300 -20.300
2019-11-13T13:09:45.913 158.2267 026.3484 266.300 -20.200
2019-11-13T13:09:47.913 158.2017 026.4462 266.300 -20.100
2019-11-13T13:09:49.913 158.1767 026.5440 266.300 -20.000
2019-11-13T13:09:51.913 158.1516 026.6418 266.300 -19.900
2019-11-13T13:09:53.308 158.1264 026.7396 266.300 -19.800
2019-11-13T13:09:55.308 158.0987 026.8366 266.300 -19.700
2019-11-13T13:09:57.308 158.0736 026.9344 266.300 -19.600
2019-11-13T13:09:59.308 158.0483 027.0322 266.300 -19.500
2019-11-13T13:10:01.308 158.0231 027.1300 266.300 -19.400
2019-11-13T13:10:03.308 157.9978 027.2277 266.300 -19.300
2019-11-13T13:10:05.308 157.9724 027.3255 266.300 -19.200
2019-11-13T13:10:07.308 157.8795 027.2995 266.400 -19.200
2019-11-13T13:10:09.308 157.9219 027.2065 266.400 -19.300
2019-11-13T13:10:11.308 157.9642 027.1135 266.400 -19.400
2019-11-13T13:10:13.308 158.0064 027.0206 266.400 -19.500
2019-11-13T13:10:15.308 158.0485 026.9275 266.400 -19.600
2019-11-13T13:10:17.308 158.0905 026.8345 266.400 -19.700
2019-11-13T13:10:19.308 158.1325 026.7415 266.400 -19.800
2019-11-13T13:10:21.308 158.1744 026.6484 266.400 -19.900
2019-11-13T13:10:23.308 158.2162 026.5554 266.400 -20.000
2019-11-13T13:10:25.308 158.2579 026.4623 266.400 -20.100
2019-11-13T13:10:27.308 158.2996 026.3692 266.400 -20.200
2019-11-13T13:10:29.308 158.3411 026.2761 266.400 -20.300
2019-11-13T13:10:31.308 158.3826 026.1829 266.400 -20.400
2019-11-13T13:10:33.308 158.4240 026.0898 266.400 -20.500
2019-11-13T13:10:35.308 158.4654 025.9966 266.400 -20.600
2019-11-13T13:10:37.308 158.5066 025.9034 266.400 -20.700
2019-11-13T13:10:39.308 158.5478 025.8102 266.400 -20.800
2019-11-13T13:10:41.308 158.5889 025.7170 266.400 -20.900
2019-11-13T13:10:43.308 158.6299 025.6238 266.400 -21.000
2019-11-13T13:10:45.308 158.6709 025.5306 266.400 -21.100
2019-11-13T13:10:47.308 158.7118 025.4373 266.400 -21.200
2019-11-13T13:10:49.308 158.7526 025.3440 266.400 -21.300
2019-11-13T13:10:51.308 158.7933 025.2508 266.400 -21.400
2019-11-13T13:10:53.308 158.8340 025.1575 266.400 -21.500
2019-11-13T13:10:55.308 158.8746 025.0642 266.400 -21.600
2019-11-13T13:10:57.308 158.9151 024.9708 266.400 -21.700
2019-11-13T13:10:58.704 158.9556 024.8775 266.400 -21.800
2019-11-13T13:11:00.704 158.9935 024.7834 266.400 -21.900
2019-11-13T13:11:02.704 158.9039 024.7586 266.500 -21.900
2019-11-13T13:11:04.704 158.8797 024.8565 266.500 -21.800
2019-11-13T13:11:06.704 158.8556 024.9543 266.500 -21.700
2019-11-13T13:11:08.704 158.8313 025.0522 266.500 -21.600
2019-11-13T13:11:10.704 158.8071 025.1501 266.500 -21.500
2019-11-13T13:11:12.704 158.7828 025.2480 266.500 -21.400
2019-11-13T13:11:14.704 158.7585 025.3459 266.500 -21.300
2019-11-13T13:11:16.704 158.7342 025.4438 266.500 -21.200
2019-11-13T13:11:18.704 158.7099 025.5417 266.500 -21.100
2019-11-13T13:11:20.704 158.6855 025.6396 266.500 -21.000
2019-11-13T13:11:22.704 158.6611 025.7374 266.500 -20.900
2019-11-13T13:11:24.704 158.6366 025.8353 266.500 -20.800
2019-11-13T13:11:26.704 158.6122 025.9332 266.500 -20.700
2019-11-13T13:11:28.704 158.5877 026.0311 266.500 -20.600
2019-11-13T13:11:30.704 158.5632 026.1289 266.500 -20.500
2019-11-13T13:11:32.704 158.5386 026.2268 266.500 -20.400
2019-11-13T13:11:34.704 158.5140 026.3247 266.500 -20.300
2019-11-13T13:11:36.704 158.4894 026.4226 266.500 -20.200
2019-11-13T13:11:38.704 158.4648 026.5204 266.500 -20.100
2019-11-13T13:11:40.704 158.4401 026.6183 266.500 -20.000
2019-11-13T13:11:42.704 158.4154 026.7162 266.500 -19.900
2019-11-13T13:11:44.704 158.3906 026.8140 266.500 -19.800
2019-11-13T13:11:46.704 158.3658 026.9119 266.500 -19.700
2019-11-13T13:11:48.704 158.3410 027.0098 266.500 -19.600
2019-11-13T13:11:50.704 158.3162 027.1076 266.500 -19.500
2019-11-13T13:11:52.704 158.2913 027.2055 266.500 -19.400
2019-11-13T13:11:54.704 158.2664 027.3033 266.500 -19.300
2019-11-13T13:11:56.704 158.2415 027.4012 266.500 -19.200
2019-11-13T13:11:58.704 158.1484 027.3755 266.600 -19.200
2019-11-13T13:12:00.704 158.1904 027.2824 266.600 -19.300
2019-11-13T13:12:02.704 158.2323 027.1892 266.600 -19.400
2019-11-13T13:12:04.099 158.2742 027.0961 266.600 -19.500
2019-11-13T13:12:06.099 158.3134 027.0023 266.600 -19.600
2019-11-13T13:12:08.099 158.3551 026.9091 266.600 -19.700
2019-11-13T13:12:10.099 158.3967 026.8159 266.600 -19.800
2019-11-13T13:12:12.099 158.4382 026.7227 266.600 -19.900
2019-11-13T13:12:14.099 158.4797 026.6295 266.600 -20.000
2019-11-13T13:12:16.099 158.5210 026.5363 266.600 -20.100
2019-11-13T13:12:18.099 158.5623 026.4431 266.600 -20.200
2019-11-13T13:12:20.099 158.6036 026.3498 266.600 -20.300
2019-11-13T13:12:22.099 158.6447 026.2565 266.600 -20.400
2019-11-13T13:12:24.099 158.6858 026.1633 266.600 -20.500
2019-11-13T13:12:26.099 158.7267 026.0700 266.600 -20.600
2019-11-13T13:12:28.099 158.7677 025.9767 266.600 -20.700
2019-11-13T13:12:30.099 158.8085 025.8833 266.600 -20.800
2019-11-13T13:12:32.099 158.8493 025.7900 266.600 -20.900
2019-11-13T13:12:34.099 158.8899 025.6966 266.600 -21.000
2019-11-13T13:12:36.099 158.9305 025.6033 266.600 -21.100
2019-11-13T13:12:38.099 158.9711 025.5099 266.600 -21.200
2019-11-13T13:12:40.099 159.0115 025.4165 266.600 -21.300
2019-11-13T13:12:42.099 159.0519 025.3231 266.600 -21.400
2019-11-13T13:12:44.099 159.0922 025.2296 266.600 -21.500
2019-11-13T13:12:46.099 159.1325 025.1362 266.600 -21.600
2019-11-13T13:12:48.099 159.1727 025.0427 266.600 -21.700
2019-11-13T13:12:50.099 159.2128 024.9493 266.600 -21.800
2019-11-13T13:12:52.099 159.2528 024.8558 266.600 -21.900
2019-11-13T13:12:54.099 159.1631 024.8312 266.700 -21.900
2019-11-13T13:12:56.099 159.1393 024.9292 266.700 -21.800
2019-11-13T13:12:58.099 159.1155 025.0271 266.700 -21.700
2019-11-13T13:13:00.099 159.0917 025.1251 266.700 -21.600
2019-11-13T13:13:02.099 159.0678 025.2231 266.700 -21.500
2019-11-13T13:13:04.099 159.0439 025.3210 266.700 -21.400
2019-11-13T13:13:06.099 159.0200 025.4190 266.700 -21.300
2019-11-13T13:13:08.099 158.9960 025.5170 266.700 -21.200
2019-11-13T13:13:09.495 158.9721 025.6149 266.700 -21.100
2019-11-13T13:13:11.495 158.9456 025.7122 266.700 -21.000
2019-11-13T13:13:13.495 158.9215 025.8102 266.700 -20.900
2019-11-13T13:13:15.495 158.8975 025.9081 266.700 -20.800
2019-11-13T13:13:17.495 158.8734 026.0061 266.700 -20.700
2019-11-13T13:13:19.495 158.8493 026.1040 266.700 -20.600
2019-11-13T13:13:21.495 158.8251 026.2020 266.700 -20.500
2019-11-13T13:13:23.495 158.8010 026.2999 266.700 -20.400
2019-11-13T13:13:25.495 158.7768 026.3979 266.700 -20.300
2019-11-13T13:13:27.495 158.7525 026.4958 266.700 -20.200
2019-11-13T13:13:29.495 158.7283 026.5938 266.700 -20.100
2019-11-13T13:13:31.495 158.7040 026.6917 266.700 -20.000
2019-11-13T13:13:33.495 158.6796 026.7897 266.700 -19.900
2019-11-13T13:13:35.495 158.6553 026.8876 266.700 -19.800
2019-11-13T13:13:37.495 158.6309 026.9856 266.700 -19.700
2019-11-13T13:13:39.495 158.6065 027.0835 266.700 -19.600
2019-11-13T13:13:41.495 158.5820 027.1815 266.700 -19.500
2019-11-13T13:13:43.495 158.5575 027.2794 266.700 -19.400
2019-11-13T13:13:45.495 158.5330 027.3773 266.700 -19.300
2019-11-13T13:13:47.495 158.5084 027.4753 266.700 -19.200
2019-11-13T13:13:49.495 158.4152 027.4498 266.800 -19.200
2019-11-13T13:13:51.495 158.4569 027.3566 266.800 -19.300
2019-11-13T13:13:53.495 158.4984 027.2634 266.800 -19.400
2019-11-13T13:13:55.495 158.5399 027.1701 266.800 -19.500
2019-11-13T13:13:57.495 158.5813 027.0768 266.800 -19.600
2019-11-13T13:13:59.495 158.6227 026.9835 266.800 -19.700
2019-11-13T13:14:01.495 158.6639 026.8902 266.800 -19.800
2019-11-13T13:14:03.495 158.7051 026.7969 266.800 -19.900
2019-11-13T13:14:05.495 158.7462 026.7035 266.800 -20.000
2019-11-13T13:14:07.495 158.7872 026.6102 266.800 -20.100
2019-11-13T13:14:09.495 158.8281 026.5168 266.800 -20.200
2019-11-13T13:14:11.495 158.8690 026.4234 266.800 -20.300
2019-11-13T13:14:13.495 158.9098 026.3300 266.800 -20.400
2019-11-13T13:14:14.891 158.9505 026.2366 266.800 -20.500
2019-11-13T13:14:16.891 158.9886 026.1425 266.800 -20.600
2019-11-13T13:14:18.891 159.0292 026.0490 266.800 -20.700
2019-11-13T13:14:20.891 159.0696 025.9556 266.800 -20.800
2019-11-13T13:14:22.891 159.1100 025.8621 266.800 -20.900
2019-11-13T13:14:24.891 159.1504 025.7686 266.800 -21.000
2019-11-13T13:14:26.891 159.1906 025.6751 266.800 -21.100
2019-11-13T13:14:28.891 159.2308 025.5816 266.800 -21.200
2019-11-13T13:14:30.891 159.2709 025.4881 266.800 -21.300
2019-11-13T13:14:32.891 159.3110 025.3945 266.800 -21.400
2019-11-13T13:14:34.891 159.3509 025.3010 266.800 -21.500
2019-11-13T13:14:36.891 159.3908 025.2074 266.800 -21.600
2019-11-13T13:14:38.891 159.4307 025.1138 266.800 -21.700
2019-11-13T13:14:40.891 159.4704 025.0202 266.800 -21.800
2019-11-13T13:14:42.891 159.5101 024.9266 266.800 -21.900
2019-11-13T13:14:44.891 159.4202 024.9023 266.900 -21.900
2019-11-13T13:14:46.891 159.3968 025.0003 266.900 -21.800
2019-11-13T13:14:48.891 159.3734 025.0984 266.900 -21.700
2019-11-13T13:14:50.891 159.3499 025.1964 266.900 -21.600
2019-11-13T13:14:52.891 159.3264 025.2945 266.900 -21.500
2019-11-13T13:14:54.891 159.3029 025.3925 266.900 -21.400
2019-11-13T13:14:56.891 159.2794 025.4906 266.900 -21.300
2019-11-13T13:14:58.891 159.2558 025.5886 266.900 -21.200
2019-11-13T13:15:00.891 159.2322 025.6866 266.900 -21.100
2019-11-13T13:15:02.891 159.2086 025.7847 266.900 -21.000
2019-11-13T13:15:04.891 159.1850 025.8827 266.900 -20.900
2019-11-13T13:15:06.891 159.1613 025.9808 266.900 -20.800
2019-11-13T13:15:08.891 159.1376 026.0788 266.900 -20.700
2019-11-13T13:15:10.891 159.1139 026.1768 266.900 -20.600
2019-11-13T13:15:12.891 159.0901 026.2749 266.900 -20.500
2019-11-13T13:15:14.891 159.0663 026.3729 266.900 -20.400
2019-11-13T13:15:16.891 159.0425 026.4709 266.900 -20.300
2019-11-13T13:15:18.891 159.0186 026.5690 266.900 -20.200
2019-11-13T13:15:20.286 158.9948 026.6670 266.900 -20.100
2019-11-13T13:15:22.286 158.9683 026.7643 266.900 -20.000
2019-11-13T13:15:24.286 158.9444 026.8623 266.900 -19.900
2019-11-13T13:15:26.286 158.9204 026.9604 266.900 -19.800
2019-11-13T13:15:28.286 158.8964 027.0584 266.900 -19.700
2019-11-13T13:15:30.286 158.8724 027.1564 266.900 -19.600
2019-11-13T13:15:32.286 158.8483 027.2544 266.900 -19.500
2019-11-13T13:15:34.286 158.8242 027.3525 266.900 -19.400
2019-11-13T13:15:36.286 158.8001 027.4505 266.900 -19.300
2019-11-13T13:15:38.286 158.7759 027.5485 266.900 -19.200
2019-11-13T13:15:40.286 158.6825 027.5234 267.000 -19.200
2019-11-13T13:15:42.286 158.7238 027.4300 267.000 -19.300
2019-11-13T13:15:44.286 158.7650 027.3366 267.000 -19.400
2019-11-13T13:15:46.286 158.8061 027.2432 267.000 -19.500
2019-11-13T13:15:48.286 158.8472 027.1498 267.000 -19.600
2019-11-13T13:15:50.286 158.8882 027.0564 267.000 -19.700
2019-11-13T13:15:52.286 158.9290 026.9629 267.000 -19.800
2019-11-13T13:15:54.286 158.9699 026.8695 267.000 -19.900
2019-11-13T13:15:56.286 159.0106 026.7760 267.000 -20.000
2019-11-13T13:15:58.286 159.0513 026.6825 267.000 -20.100
2019-11-13T13:16:00.286 159.0918 026.5890 267.000 -20.200
2019-11-13T13:16:02.286 159.1324 026.4955 267.000 -20.300
2019-11-13T13:16:04.286 159.1728 026.4019 267.000 -20.400
2019-11-13T13:16:06.286 159.2131 026.3084 267.000 -20.500
2019-11-13T13:16:08.286 159.2534 026.2148 267.000 -20.600
2019-11-13T13:16:10.286 159.2936 026.1212 267.000 -20.700
2019-11-13T13:16:12.286 159.3337 026.0276 267.000 -20.800
2019-11-13T13:16:14.286 159.3738 025.9340 267.000 -20.900
2019-11-13T13:16:16.286 159.4138 025.8404 267.000 -21.000
2019-11-13T13:16:18.286 159.4537 025.7468 267.000 -21.100
2019-11-13T13:16:20.286 159.4935 025.6531 267.000 -21.200
2019-11-13T13:16:22.286 159.5333 025.5595 267.000 -21.300
2019-11-13T13:16:24.286 159.5729 025.4658 267.000 -21.400
2019-11-13T13:16:25.682 159.6126 025.3721 267.000 -21.500
2019-11-13T13:16:27.682 159.6496 025.2777 267.000 -21.600
2019-11-13T13:16:29.682 159.6891 025.1840 267.000 -21.700
2019-11-13T13:16:31.682 159.7285 025.0903 267.000 -21.800
2019-11-13T13:16:33.682 159.7678 024.9965 267.000 -21.900
2019-11-13T13:16:35.682 159.6778 024.9725 267.100 -21.900
2019-11-13T13:16:37.682 159.6548 025.0707 267.100 -21.800
2019-11-13T13:16:39.682 159.6317 025.1688 267.100 -21.700
2019-11-13T13:16:41.682 159.6086 025.2669 267.100 -21.600
2019-11-13T13:16:43.682 159.5855 025.3650 267.100 -21.500
2019-11-13T13:16:45.682 159.5624 025.4632 267.100 -21.400
2019-11-13T13:16:47.682 159.5392 025.5613 267.100 -21.300
2019-11-13T13:16:49.682 159.5161 025.6594 267.100 -21.200
2019-11-13T13:16:51.682 159.4928 025.7575 267.100 -21.100
2019-11-13T13:16:53.682 159.4696 025.8556 267.100 -21.000
2019-11-13T13:16:55.682 159.4463 025.9537 267.100 -20.900
2019-11-13T13:16:57.682 159.4230 026.0519 267.100 -20.800
2019-11-13T13:16:59.682 159.3997 026.1500 267.100 -20.700
2019-11-13T13:17:01.682 159.3764 026.2481 267.100 -20.600
2019-11-13T13:17:03.682 159.3530 026.3462 267.100 -20.500
2019-11-13T13:17:05.682 159.3296 026.4443 267.100 -20.400
2019-11-13T13:17:07.682 159.3062 026.5424 267.100 -20.300
2019-11-13T13:17:09.682 159.2827 026.6405 267.100 -20.200
2019-11-13T13:17:11.682 159.2592 026.7386 267.100 -20.100
2019-11-13T13:17:13.682 159.2357 026.8367 267.100 -20.000
2019-11-13T13:17:15.682 159.2121 026.9348 267.100 -19.900
2019-11-13T13:17:17.682 159.1885 027.0329 267.100 -19.800
2019-11-13T13:17:19.682 159.1649 027.1310 267.100 -19.700
2019-11-13T13:17:21.682 159.1413 027.2291 267.100 -19.600
2019-11-13T13:17:23.682 159.1176 027.3272 267.100 -19.500
2019-11-13T13:17:25.682 159.0939 027.4253 267.100 -19.400
2019-11-13T13:17:27.682 159.0702 027.5234 267.100 -19.300
2019-11-13T13:17:29.682 159.0464 027.6215 267.100 -19.200
