RA_{0} = 297.9
RAfinal = 302.1
DEC_{0} = 38.9
DECfinal = 42.1
Date/Time           AZ (Deg)     EL (Deg)     RA(Deg)  DEC(deg)
-------------------------------------------------------------------------
2019-10-30T12:35:00.000 065.0450 033.9642 297.900 038.900
2019-10-30T12:35:02.000 065.1540 034.3564 297.900 039.000
2019-10-30T12:35:04.000 065.0499 034.4080 297.900 039.100
2019-10-30T12:35:06.000 064.9457 034.4595 297.900 039.200
2019-10-30T12:35:08.000 064.8413 034.5110 297.900 039.300
2019-10-30T12:35:10.000 064.7368 034.5623 297.900 039.400
2019-10-30T12:35:12.000 064.6322 034.6135 297.900 039.500
2019-10-30T12:35:14.000 064.5274 034.6646 297.900 039.600
2019-10-30T12:35:16.000 064.4224 034.7157 297.900 039.700
2019-10-30T12:35:18.000 064.3174 034.7666 297.900 039.800
2019-10-30T12:35:20.000 064.2122 034.8174 297.900 039.900
2019-10-30T12:35:22.000 064.1068 034.8680 297.900 040.000
2019-10-30T12:35:24.000 064.0014 034.9186 297.900 040.100
2019-10-30T12:35:26.000 063.8957 034.9691 297.900 040.200
2019-10-30T12:35:28.000 063.7900 035.0195 297.900 040.300
2019-10-30T12:35:30.000 063.6840 035.0697 297.900 040.400
2019-10-30T12:35:32.000 063.5780 035.1199 297.900 040.500
2019-10-30T12:35:34.000 063.4718 035.1699 297.900 040.600
2019-10-30T12:35:36.000 063.3655 035.2198 297.900 040.700
2019-10-30T12:35:38.000 063.2590 035.2697 297.900 040.800
2019-10-30T12:35:40.000 063.1524 035.3194 297.900 040.900
2019-10-30T12:35:42.000 063.0456 035.3690 297.900 041.000
2019-10-30T12:35:44.000 062.9387 035.4185 297.900 041.100
2019-10-30T12:35:46.000 062.8317 035.4678 297.900 041.200
2019-10-30T12:35:48.000 062.7245 035.5171 297.900 041.300
2019-10-30T12:35:50.000 062.6172 035.5663 297.900 041.400
2019-10-30T12:35:52.000 062.5097 035.6153 297.900 041.500
2019-10-30T12:35:54.000 062.4021 035.6642 297.900 041.600
2019-10-30T12:35:56.000 062.2943 035.7130 297.900 041.700
2019-10-30T12:35:58.000 062.1864 035.7617 297.900 041.800
2019-10-30T12:36:00.000 062.0784 035.8103 297.900 041.900
2019-10-30T12:36:02.000 061.9702 035.8588 297.900 042.000
2019-10-30T12:36:04.000 061.8619 035.9072 297.900 042.100
2019-10-30T12:36:06.000 061.8260 035.8457 298.000 042.100
2019-10-30T12:36:08.000 061.9407 035.8085 298.000 042.000
2019-10-30T12:36:10.000 062.0554 035.7712 298.000 041.900
2019-10-30T12:36:12.000 062.1699 035.7338 298.000 041.800
2019-10-30T12:36:14.000 062.2843 035.6963 298.000 041.700
2019-10-30T12:36:16.000 062.3987 035.6588 298.000 041.600
2019-10-30T12:36:18.000 062.5129 035.6211 298.000 041.500
2019-10-30T12:36:20.000 062.6270 035.5834 298.000 041.400
2019-10-30T12:36:22.000 062.7411 035.5456 298.000 041.300
2019-10-30T12:36:24.000 062.8550 035.5076 298.000 041.200
2019-10-30T12:36:25.760 062.9689 035.4696 298.000 041.100
2019-10-30T12:36:27.760 063.0822 035.4308 298.000 041.000
2019-10-30T12:36:29.760 063.1959 035.3927 298.000 040.900
2019-10-30T12:36:31.760 063.3094 035.3544 298.000 040.800
2019-10-30T12:36:33.760 063.4229 035.3160 298.000 040.700
2019-10-30T12:36:35.760 063.5362 035.2776 298.000 040.600
2019-10-30T12:36:37.760 063.6495 035.2390 298.000 040.500
2019-10-30T12:36:39.760 063.7626 035.2004 298.000 040.400
2019-10-30T12:36:41.760 063.8757 035.1617 298.000 040.300
2019-10-30T12:36:43.760 063.9887 035.1229 298.000 040.200
2019-10-30T12:36:45.760 064.1015 035.0840 298.000 040.100
2019-10-30T12:36:47.760 064.2143 035.0450 298.000 040.000
2019-10-30T12:36:49.760 064.3270 035.0059 298.000 039.900
2019-10-30T12:36:51.760 064.4395 034.9668 298.000 039.800
2019-10-30T12:36:53.760 064.5520 034.9275 298.000 039.700
2019-10-30T12:36:55.760 064.6644 034.8882 298.000 039.600
2019-10-30T12:36:57.760 064.7767 034.8488 298.000 039.500
2019-10-30T12:36:59.760 064.8888 034.8093 298.000 039.400
2019-10-30T12:37:01.760 065.0009 034.7697 298.000 039.300
2019-10-30T12:37:03.760 065.1129 034.7300 298.000 039.200
2019-10-30T12:37:05.760 065.2248 034.6902 298.000 039.100
2019-10-30T12:37:07.760 065.3366 034.6504 298.000 039.000
2019-10-30T12:37:09.760 065.4483 034.6105 298.000 038.900
2019-10-30T12:37:11.760 065.4086 034.5471 298.100 038.900
2019-10-30T12:37:13.760 065.3042 034.5986 298.100 039.000
2019-10-30T12:37:15.760 065.1996 034.6500 298.100 039.100
2019-10-30T12:37:17.760 065.0950 034.7014 298.100 039.200
2019-10-30T12:37:19.760 064.9901 034.7526 298.100 039.300
2019-10-30T12:37:21.760 064.8852 034.8037 298.100 039.400
2019-10-30T12:37:23.760 064.7801 034.8547 298.100 039.500
2019-10-30T12:37:25.760 064.6748 034.9056 298.100 039.600
2019-10-30T12:37:27.760 064.5695 034.9564 298.100 039.700
2019-10-30T12:37:29.760 064.4639 035.0071 298.100 039.800
2019-10-30T12:37:31.760 064.3583 035.0577 298.100 039.900
2019-10-30T12:37:33.760 064.2525 035.1082 298.100 040.000
2019-10-30T12:37:35.760 064.1465 035.1585 298.100 040.100
2019-10-30T12:37:37.760 064.0404 035.2088 298.100 040.200
2019-10-30T12:37:39.760 063.9342 035.2590 298.100 040.300
2019-10-30T12:37:41.760 063.8278 035.3090 298.100 040.400
2019-10-30T12:37:43.760 063.7213 035.3589 298.100 040.500
2019-10-30T12:37:45.760 063.6146 035.4087 298.100 040.600
2019-10-30T12:37:47.760 063.5078 035.4584 298.100 040.700
2019-10-30T12:37:49.760 063.4009 035.5080 298.100 040.800
2019-10-30T12:37:51.520 063.2938 035.5575 298.100 040.900
2019-10-30T12:37:53.520 063.1862 035.6062 298.100 041.000
2019-10-30T12:37:55.520 063.0788 035.6555 298.100 041.100
2019-10-30T12:37:57.520 062.9713 035.7046 298.100 041.200
2019-10-30T12:37:59.520 062.8636 035.7537 298.100 041.300
2019-10-30T12:38:01.520 062.7558 035.8026 298.100 041.400
2019-10-30T12:38:03.520 062.6479 035.8514 298.100 041.500
2019-10-30T12:38:05.520 062.5398 035.9001 298.100 041.600
2019-10-30T12:38:07.520 062.4315 035.9487 298.100 041.700
2019-10-30T12:38:09.520 062.3231 035.9972 298.100 041.800
2019-10-30T12:38:11.520 062.2146 036.0455 298.100 041.900
2019-10-30T12:38:13.520 062.1060 036.0937 298.100 042.000
2019-10-30T12:38:15.520 061.9971 036.1419 298.100 042.100
2019-10-30T12:38:17.520 061.9614 036.0803 298.200 042.100
2019-10-30T12:38:19.520 062.0766 036.0434 298.200 042.000
2019-10-30T12:38:21.520 062.1917 036.0063 298.200 041.900
2019-10-30T12:38:23.520 062.3067 035.9692 298.200 041.800
2019-10-30T12:38:25.520 062.4215 035.9320 298.200 041.700
2019-10-30T12:38:27.520 062.5363 035.8947 298.200 041.600
2019-10-30T12:38:29.520 062.6510 035.8572 298.200 041.500
2019-10-30T12:38:31.520 062.7657 035.8198 298.200 041.400
2019-10-30T12:38:33.520 062.8802 035.7822 298.200 041.300
2019-10-30T12:38:35.520 062.9946 035.7445 298.200 041.200
2019-10-30T12:38:37.520 063.1089 035.7067 298.200 041.100
2019-10-30T12:38:39.520 063.2231 035.6689 298.200 041.000
2019-10-30T12:38:41.520 063.3372 035.6309 298.200 040.900
2019-10-30T12:38:43.520 063.4512 035.5929 298.200 040.800
2019-10-30T12:38:45.520 063.5651 035.5547 298.200 040.700
2019-10-30T12:38:47.520 063.6789 035.5165 298.200 040.600
2019-10-30T12:38:49.520 063.7926 035.4782 298.200 040.500
2019-10-30T12:38:51.520 063.9062 035.4398 298.200 040.400
2019-10-30T12:38:53.520 064.0198 035.4013 298.200 040.300
2019-10-30T12:38:55.520 064.1332 035.3628 298.200 040.200
2019-10-30T12:38:57.520 064.2465 035.3241 298.200 040.100
2019-10-30T12:38:59.520 064.3597 035.2853 298.200 040.000
2019-10-30T12:39:01.520 064.4728 035.2465 298.200 039.900
2019-10-30T12:39:03.520 064.5858 035.2076 298.200 039.800
2019-10-30T12:39:05.520 064.6988 035.1685 298.200 039.700
2019-10-30T12:39:07.520 064.8116 035.1294 298.200 039.600
2019-10-30T12:39:09.520 064.9243 035.0903 298.200 039.500
2019-10-30T12:39:11.520 065.0369 035.0510 298.200 039.400
2019-10-30T12:39:13.520 065.1495 035.0116 298.200 039.300
2019-10-30T12:39:15.520 065.2619 034.9721 298.200 039.200
2019-10-30T12:39:17.280 065.3742 034.9326 298.200 039.100
2019-10-30T12:39:19.280 065.4860 034.8923 298.200 039.000
2019-10-30T12:39:21.280 065.5982 034.8526 298.200 038.900
2019-10-30T12:39:23.280 065.5585 034.7891 298.300 038.900
2019-10-30T12:39:25.280 065.4537 034.8404 298.300 039.000
2019-10-30T12:39:27.280 065.3487 034.8917 298.300 039.100
2019-10-30T12:39:29.280 065.2436 034.9428 298.300 039.200
2019-10-30T12:39:31.280 065.1383 034.9938 298.300 039.300
2019-10-30T12:39:33.280 065.0329 035.0447 298.300 039.400
2019-10-30T12:39:35.280 064.9273 035.0955 298.300 039.500
2019-10-30T12:39:37.280 064.8216 035.1462 298.300 039.600
2019-10-30T12:39:39.280 064.7158 035.1968 298.300 039.700
2019-10-30T12:39:41.280 064.6098 035.2473 298.300 039.800
2019-10-30T12:39:43.280 064.5037 035.2977 298.300 039.900
2019-10-30T12:39:45.280 064.3974 035.3479 298.300 040.000
2019-10-30T12:39:47.280 064.2910 035.3981 298.300 040.100
2019-10-30T12:39:49.280 064.1844 035.4481 298.300 040.200
2019-10-30T12:39:51.280 064.0777 035.4980 298.300 040.300
2019-10-30T12:39:53.280 063.9709 035.5479 298.300 040.400
2019-10-30T12:39:55.280 063.8639 035.5976 298.300 040.500
2019-10-30T12:39:57.280 063.7567 035.6472 298.300 040.600
2019-10-30T12:39:59.280 063.6495 035.6967 298.300 040.700
2019-10-30T12:40:01.280 063.5420 035.7460 298.300 040.800
2019-10-30T12:40:03.280 063.4345 035.7953 298.300 040.900
2019-10-30T12:40:05.280 063.3268 035.8444 298.300 041.000
2019-10-30T12:40:07.280 063.2189 035.8935 298.300 041.100
2019-10-30T12:40:09.280 063.1109 035.9424 298.300 041.200
2019-10-30T12:40:11.280 063.0028 035.9912 298.300 041.300
2019-10-30T12:40:13.280 062.8945 036.0399 298.300 041.400
2019-10-30T12:40:15.280 062.7861 036.0885 298.300 041.500
2019-10-30T12:40:17.280 062.6775 036.1369 298.300 041.600
2019-10-30T12:40:19.280 062.5688 036.1853 298.300 041.700
2019-10-30T12:40:21.280 062.4599 036.2335 298.300 041.800
2019-10-30T12:40:23.280 062.3509 036.2816 298.300 041.900
2019-10-30T12:40:25.280 062.2417 036.3296 298.300 042.000
2019-10-30T12:40:27.280 062.1324 036.3775 298.300 042.100
2019-10-30T12:40:29.280 062.0967 036.3159 298.400 042.100
2019-10-30T12:40:31.280 062.2124 036.2792 298.400 042.000
2019-10-30T12:40:33.280 062.3280 036.2424 298.400 041.900
2019-10-30T12:40:35.280 062.4434 036.2055 298.400 041.800
2019-10-30T12:40:37.280 062.5588 036.1686 298.400 041.700
2019-10-30T12:40:39.280 062.6741 036.1315 298.400 041.600
2019-10-30T12:40:41.280 062.7892 036.0943 298.400 041.500
2019-10-30T12:40:43.040 062.9043 036.0571 298.400 041.400
2019-10-30T12:40:45.040 063.0189 036.0191 298.400 041.300
2019-10-30T12:40:47.040 063.1337 035.9816 298.400 041.200
2019-10-30T12:40:49.040 063.2485 035.9441 298.400 041.100
2019-10-30T12:40:51.040 063.3632 035.9065 298.400 041.000
2019-10-30T12:40:53.040 063.4778 035.8688 298.400 040.900
2019-10-30T12:40:55.040 063.5922 035.8310 298.400 040.800
2019-10-30T12:40:57.040 063.7066 035.7931 298.400 040.700
2019-10-30T12:40:59.040 063.8209 035.7551 298.400 040.600
2019-10-30T12:41:01.040 063.9350 035.7170 298.400 040.500
2019-10-30T12:41:03.040 064.0491 035.6789 298.400 040.400
2019-10-30T12:41:05.040 064.1631 035.6406 298.400 040.300
2019-10-30T12:41:07.040 064.2770 035.6023 298.400 040.200
2019-10-30T12:41:09.040 064.3907 035.5638 298.400 040.100
2019-10-30T12:41:11.040 064.5044 035.5253 298.400 040.000
2019-10-30T12:41:13.040 064.6180 035.4867 298.400 039.900
2019-10-30T12:41:15.040 064.7314 035.4480 298.400 039.800
2019-10-30T12:41:17.040 064.8448 035.4092 298.400 039.700
2019-10-30T12:41:19.040 064.9581 035.3703 298.400 039.600
2019-10-30T12:41:21.040 065.0713 035.3313 298.400 039.500
2019-10-30T12:41:23.040 065.1844 035.2923 298.400 039.400
2019-10-30T12:41:25.040 065.2973 035.2531 298.400 039.300
2019-10-30T12:41:27.040 065.4102 035.2139 298.400 039.200
2019-10-30T12:41:29.040 065.5230 035.1746 298.400 039.100
2019-10-30T12:41:31.040 065.6357 035.1352 298.400 039.000
2019-10-30T12:41:33.040 065.7482 035.0957 298.400 038.900
2019-10-30T12:41:35.040 065.7087 035.0321 298.500 038.900
2019-10-30T12:41:37.040 065.6034 035.0832 298.500 039.000
2019-10-30T12:41:39.040 065.4979 035.1343 298.500 039.100
2019-10-30T12:41:41.040 065.3923 035.1852 298.500 039.200
2019-10-30T12:41:43.040 065.2866 035.2360 298.500 039.300
2019-10-30T12:41:45.040 065.1807 035.2867 298.500 039.400
2019-10-30T12:41:47.040 065.0747 035.3373 298.500 039.500
2019-10-30T12:41:49.040 064.9685 035.3878 298.500 039.600
2019-10-30T12:41:51.040 064.8622 035.4382 298.500 039.700
2019-10-30T12:41:53.040 064.7558 035.4884 298.500 039.800
2019-10-30T12:41:55.040 064.6492 035.5386 298.500 039.900
2019-10-30T12:41:57.040 064.5424 035.5886 298.500 040.000
2019-10-30T12:41:59.040 064.4355 035.6386 298.500 040.100
2019-10-30T12:42:01.040 064.3285 035.6884 298.500 040.200
2019-10-30T12:42:03.040 064.2213 035.7381 298.500 040.300
2019-10-30T12:42:05.040 064.1140 035.7877 298.500 040.400
2019-10-30T12:42:07.040 064.0065 035.8372 298.500 040.500
2019-10-30T12:42:08.800 063.8989 035.8866 298.500 040.600
2019-10-30T12:42:10.800 063.7908 035.9352 298.500 040.700
2019-10-30T12:42:12.800 063.6829 035.9843 298.500 040.800
2019-10-30T12:42:14.800 063.5748 036.0334 298.500 040.900
2019-10-30T12:42:16.800 063.4666 036.0823 298.500 041.000
2019-10-30T12:42:18.800 063.3583 036.1311 298.500 041.100
2019-10-30T12:42:20.800 063.2498 036.1798 298.500 041.200
2019-10-30T12:42:22.800 063.1412 036.2284 298.500 041.300
2019-10-30T12:42:24.800 063.0324 036.2768 298.500 041.400
2019-10-30T12:42:26.800 062.9235 036.3252 298.500 041.500
2019-10-30T12:42:28.800 062.8144 036.3734 298.500 041.600
2019-10-30T12:42:30.800 062.7052 036.4215 298.500 041.700
2019-10-30T12:42:32.800 062.5959 036.4695 298.500 041.800
2019-10-30T12:42:34.800 062.4864 036.5174 298.500 041.900
2019-10-30T12:42:36.800 062.3767 036.5652 298.500 042.000
2019-10-30T12:42:38.800 062.2669 036.6128 298.500 042.100
2019-10-30T12:42:40.800 062.2313 036.5511 298.600 042.100
2019-10-30T12:42:42.800 062.3475 036.5147 298.600 042.000
2019-10-30T12:42:44.800 062.4635 036.4781 298.600 041.900
2019-10-30T12:42:46.800 062.5795 036.4415 298.600 041.800
2019-10-30T12:42:48.800 062.6953 036.4048 298.600 041.700
2019-10-30T12:42:50.800 062.8110 036.3679 298.600 041.600
2019-10-30T12:42:52.800 062.9267 036.3310 298.600 041.500
2019-10-30T12:42:54.800 063.0422 036.2940 298.600 041.400
2019-10-30T12:42:56.800 063.1577 036.2569 298.600 041.300
2019-10-30T12:42:58.800 063.2730 036.2197 298.600 041.200
2019-10-30T12:43:00.800 063.3882 036.1824 298.600 041.100
2019-10-30T12:43:02.800 063.5034 036.1451 298.600 041.000
2019-10-30T12:43:04.800 063.6184 036.1076 298.600 040.900
2019-10-30T12:43:06.800 063.7333 036.0700 298.600 040.800
2019-10-30T12:43:08.800 063.8482 036.0324 298.600 040.700
2019-10-30T12:43:10.800 063.9629 035.9946 298.600 040.600
2019-10-30T12:43:12.800 064.0775 035.9568 298.600 040.500
2019-10-30T12:43:14.800 064.1921 035.9189 298.600 040.400
2019-10-30T12:43:16.800 064.3065 035.8808 298.600 040.300
2019-10-30T12:43:18.800 064.4209 035.8427 298.600 040.200
2019-10-30T12:43:20.800 064.5351 035.8045 298.600 040.100
2019-10-30T12:43:22.800 064.6492 035.7662 298.600 040.000
2019-10-30T12:43:24.800 064.7633 035.7278 298.600 039.900
2019-10-30T12:43:26.800 064.8772 035.6894 298.600 039.800
2019-10-30T12:43:28.800 064.9910 035.6508 298.600 039.700
2019-10-30T12:43:30.800 065.1048 035.6121 298.600 039.600
2019-10-30T12:43:32.800 065.2184 035.5734 298.600 039.500
2019-10-30T12:43:34.560 065.3319 035.5346 298.600 039.400
2019-10-30T12:43:36.560 065.4449 035.4949 298.600 039.300
2019-10-30T12:43:38.560 065.5583 035.4559 298.600 039.200
2019-10-30T12:43:40.560 065.6715 035.4168 298.600 039.100
2019-10-30T12:43:42.560 065.7846 035.3776 298.600 039.000
2019-10-30T12:43:44.560 065.8976 035.3383 298.600 038.900
2019-10-30T12:43:46.560 065.8582 035.2747 298.700 038.900
2019-10-30T12:43:48.560 065.7524 035.3256 298.700 039.000
2019-10-30T12:43:50.560 065.6465 035.3765 298.700 039.100
2019-10-30T12:43:52.560 065.5404 035.4272 298.700 039.200
2019-10-30T12:43:54.560 065.4342 035.4778 298.700 039.300
2019-10-30T12:43:56.560 065.3279 035.5283 298.700 039.400
2019-10-30T12:43:58.560 065.2214 035.5787 298.700 039.500
2019-10-30T12:44:00.560 065.1147 035.6290 298.700 039.600
2019-10-30T12:44:02.560 065.0080 035.6791 298.700 039.700
2019-10-30T12:44:04.560 064.9010 035.7292 298.700 039.800
2019-10-30T12:44:06.560 064.7940 035.7791 298.700 039.900
2019-10-30T12:44:08.560 064.6867 035.8290 298.700 040.000
2019-10-30T12:44:10.560 064.5794 035.8787 298.700 040.100
2019-10-30T12:44:12.560 064.4719 035.9283 298.700 040.200
2019-10-30T12:44:14.560 064.3642 035.9778 298.700 040.300
2019-10-30T12:44:16.560 064.2564 036.0272 298.700 040.400
2019-10-30T12:44:18.560 064.1485 036.0764 298.700 040.500
2019-10-30T12:44:20.560 064.0404 036.1256 298.700 040.600
2019-10-30T12:44:22.560 063.9322 036.1746 298.700 040.700
2019-10-30T12:44:24.560 063.8238 036.2236 298.700 040.800
2019-10-30T12:44:26.560 063.7152 036.2724 298.700 040.900
2019-10-30T12:44:28.560 063.6066 036.3211 298.700 041.000
2019-10-30T12:44:30.560 063.4977 036.3697 298.700 041.100
2019-10-30T12:44:32.560 063.3888 036.4181 298.700 041.200
2019-10-30T12:44:34.560 063.2797 036.4665 298.700 041.300
2019-10-30T12:44:36.560 063.1704 036.5147 298.700 041.400
2019-10-30T12:44:38.560 063.0610 036.5628 298.700 041.500
2019-10-30T12:44:40.560 062.9514 036.6108 298.700 041.600
2019-10-30T12:44:42.560 062.8417 036.6587 298.700 041.700
2019-10-30T12:44:44.560 062.7319 036.7065 298.700 041.800
2019-10-30T12:44:46.560 062.6219 036.7541 298.700 041.900
2019-10-30T12:44:48.560 062.5117 036.8017 298.700 042.000
2019-10-30T12:44:50.560 062.4014 036.8491 298.700 042.100
2019-10-30T12:44:52.560 062.3660 036.7873 298.800 042.100
2019-10-30T12:44:54.560 062.4826 036.7511 298.800 042.000
2019-10-30T12:44:56.560 062.5991 036.7148 298.800 041.900
2019-10-30T12:44:58.560 062.7155 036.6784 298.800 041.800
2019-10-30T12:45:00.320 062.8318 036.6419 298.800 041.700
2019-10-30T12:45:02.320 062.9476 036.6047 298.800 041.600
2019-10-30T12:45:04.320 063.0638 036.5680 298.800 041.500
2019-10-30T12:45:06.320 063.1798 036.5313 298.800 041.400
2019-10-30T12:45:08.320 063.2957 036.4944 298.800 041.300
2019-10-30T12:45:10.320 063.4115 036.4575 298.800 041.200
2019-10-30T12:45:12.320 063.5272 036.4204 298.800 041.100
2019-10-30T12:45:14.320 063.6428 036.3833 298.800 041.000
2019-10-30T12:45:16.320 063.7583 036.3460 298.800 040.900
2019-10-30T12:45:18.320 063.8737 036.3087 298.800 040.800
2019-10-30T12:45:20.320 063.9890 036.2713 298.800 040.700
2019-10-30T12:45:22.320 064.1042 036.2338 298.800 040.600
2019-10-30T12:45:24.320 064.2193 036.1962 298.800 040.500
2019-10-30T12:45:26.320 064.3343 036.1585 298.800 040.400
2019-10-30T12:45:28.320 064.4492 036.1207 298.800 040.300
2019-10-30T12:45:30.320 064.5640 036.0828 298.800 040.200
2019-10-30T12:45:32.320 064.6787 036.0448 298.800 040.100
2019-10-30T12:45:34.320 064.7933 036.0067 298.800 040.000
2019-10-30T12:45:36.320 064.9078 035.9686 298.800 039.900
2019-10-30T12:45:38.320 065.0222 035.9303 298.800 039.800
2019-10-30T12:45:40.320 065.1365 035.8920 298.800 039.700
2019-10-30T12:45:42.320 065.2507 035.8536 298.800 039.600
2019-10-30T12:45:44.320 065.3648 035.8150 298.800 039.500
2019-10-30T12:45:46.320 065.4788 035.7764 298.800 039.400
2019-10-30T12:45:48.320 065.5927 035.7377 298.800 039.300
2019-10-30T12:45:50.320 065.7065 035.6989 298.800 039.200
2019-10-30T12:45:52.320 065.8202 035.6600 298.800 039.100
2019-10-30T12:45:54.320 065.9337 035.6211 298.800 039.000
2019-10-30T12:45:56.320 066.0472 035.5820 298.800 038.900
2019-10-30T12:45:58.320 066.0078 035.5183 298.900 038.900
2019-10-30T12:46:00.320 065.9016 035.5690 298.900 039.000
2019-10-30T12:46:02.320 065.7952 035.6196 298.900 039.100
2019-10-30T12:46:04.320 065.6887 035.6701 298.900 039.200
2019-10-30T12:46:06.320 065.5820 035.7205 298.900 039.300
2019-10-30T12:46:08.320 065.4752 035.7708 298.900 039.400
2019-10-30T12:46:10.320 065.3682 035.8210 298.900 039.500
2019-10-30T12:46:12.320 065.2611 035.8711 298.900 039.600
2019-10-30T12:46:14.320 065.1538 035.9210 298.900 039.700
2019-10-30T12:46:16.320 065.0464 035.9709 298.900 039.800
2019-10-30T12:46:18.320 064.9389 036.0206 298.900 039.900
2019-10-30T12:46:20.320 064.8312 036.0702 298.900 040.000
2019-10-30T12:46:22.320 064.7234 036.1198 298.900 040.100
2019-10-30T12:46:24.320 064.6154 036.1692 298.900 040.200
2019-10-30T12:46:26.080 064.5072 036.2184 298.900 040.300
2019-10-30T12:46:28.080 064.3985 036.2669 298.900 040.400
2019-10-30T12:46:30.080 064.2901 036.3160 298.900 040.500
2019-10-30T12:46:32.080 064.1815 036.3649 298.900 040.600
2019-10-30T12:46:34.080 064.0728 036.4137 298.900 040.700
2019-10-30T12:46:36.080 063.9639 036.4624 298.900 040.800
2019-10-30T12:46:38.080 063.8549 036.5110 298.900 040.900
2019-10-30T12:46:40.080 063.7458 036.5595 298.900 041.000
2019-10-30T12:46:42.080 063.6364 036.6079 298.900 041.100
2019-10-30T12:46:44.080 063.5270 036.6561 298.900 041.200
2019-10-30T12:46:46.080 063.4174 036.7042 298.900 041.300
2019-10-30T12:46:48.080 063.3076 036.7522 298.900 041.400
2019-10-30T12:46:50.080 063.1977 036.8001 298.900 041.500
2019-10-30T12:46:52.080 063.0877 036.8479 298.900 041.600
2019-10-30T12:46:54.080 062.9775 036.8955 298.900 041.700
2019-10-30T12:46:56.080 062.8671 036.9431 298.900 041.800
2019-10-30T12:46:58.080 062.7566 036.9905 298.900 041.900
2019-10-30T12:47:00.080 062.6460 037.0378 298.900 042.000
2019-10-30T12:47:02.080 062.5352 037.0849 298.900 042.100
2019-10-30T12:47:04.080 062.4998 037.0231 299.000 042.100
2019-10-30T12:47:06.080 062.6169 036.9871 299.000 042.000
2019-10-30T12:47:08.080 062.7339 036.9511 299.000 041.900
2019-10-30T12:47:10.080 062.8508 036.9150 299.000 041.800
2019-10-30T12:47:12.080 062.9676 036.8787 299.000 041.700
2019-10-30T12:47:14.080 063.0843 036.8424 299.000 041.600
2019-10-30T12:47:16.080 063.2009 036.8060 299.000 041.500
2019-10-30T12:47:18.080 063.3174 036.7695 299.000 041.400
2019-10-30T12:47:20.080 063.4338 036.7328 299.000 041.300
2019-10-30T12:47:22.080 063.5500 036.6961 299.000 041.200
2019-10-30T12:47:24.080 063.6662 036.6593 299.000 041.100
2019-10-30T12:47:26.080 063.7823 036.6224 299.000 041.000
2019-10-30T12:47:28.080 063.8983 036.5854 299.000 040.900
2019-10-30T12:47:30.080 064.0142 036.5484 299.000 040.800
2019-10-30T12:47:32.080 064.1300 036.5112 299.000 040.700
2019-10-30T12:47:34.080 064.2456 036.4739 299.000 040.600
2019-10-30T12:47:36.080 064.3612 036.4365 299.000 040.500
2019-10-30T12:47:38.080 064.4767 036.3991 299.000 040.400
2019-10-30T12:47:40.080 064.5921 036.3615 299.000 040.300
2019-10-30T12:47:42.080 064.7073 036.3238 299.000 040.200
2019-10-30T12:47:44.080 064.8225 036.2861 299.000 040.100
2019-10-30T12:47:46.080 064.9376 036.2483 299.000 040.000
2019-10-30T12:47:48.080 065.0525 036.2103 299.000 039.900
2019-10-30T12:47:50.080 065.1674 036.1723 299.000 039.800
2019-10-30T12:47:51.840 065.2822 036.1342 299.000 039.700
2019-10-30T12:47:53.840 065.3964 036.0953 299.000 039.600
2019-10-30T12:47:55.840 065.5110 036.0570 299.000 039.500
2019-10-30T12:47:57.840 065.6254 036.0186 299.000 039.400
2019-10-30T12:47:59.840 065.7398 035.9801 299.000 039.300
2019-10-30T12:48:01.840 065.8540 035.9415 299.000 039.200
2019-10-30T12:48:03.840 065.9682 035.9028 299.000 039.100
2019-10-30T12:48:05.840 066.0822 035.8641 299.000 039.000
2019-10-30T12:48:07.840 066.1961 035.8252 299.000 038.900
2019-10-30T12:48:09.840 066.1568 035.7614 299.100 038.900
2019-10-30T12:48:11.840 066.0501 035.8120 299.100 039.000
2019-10-30T12:48:13.840 065.9432 035.8624 299.100 039.100
2019-10-30T12:48:15.840 065.8362 035.9127 299.100 039.200
2019-10-30T12:48:17.840 065.7291 035.9629 299.100 039.300
2019-10-30T12:48:19.840 065.6218 036.0130 299.100 039.400
2019-10-30T12:48:21.840 065.5143 036.0630 299.100 039.500
2019-10-30T12:48:23.840 065.4068 036.1128 299.100 039.600
2019-10-30T12:48:25.840 065.2990 036.1626 299.100 039.700
2019-10-30T12:48:27.840 065.1911 036.2122 299.100 039.800
2019-10-30T12:48:29.840 065.0831 036.2617 299.100 039.900
2019-10-30T12:48:31.840 064.9749 036.3111 299.100 040.000
2019-10-30T12:48:33.840 064.8666 036.3604 299.100 040.100
2019-10-30T12:48:35.840 064.7581 036.4096 299.100 040.200
2019-10-30T12:48:37.840 064.6495 036.4587 299.100 040.300
2019-10-30T12:48:39.840 064.5408 036.5076 299.100 040.400
2019-10-30T12:48:41.840 064.4318 036.5565 299.100 040.500
2019-10-30T12:48:43.840 064.3228 036.6052 299.100 040.600
2019-10-30T12:48:45.840 064.2136 036.6538 299.100 040.700
2019-10-30T12:48:47.840 064.1042 036.7023 299.100 040.800
2019-10-30T12:48:49.840 063.9947 036.7506 299.100 040.900
2019-10-30T12:48:51.840 063.8850 036.7989 299.100 041.000
2019-10-30T12:48:53.840 063.7752 036.8470 299.100 041.100
2019-10-30T12:48:55.840 063.6653 036.8950 299.100 041.200
2019-10-30T12:48:57.840 063.5552 036.9429 299.100 041.300
2019-10-30T12:48:59.840 063.4449 036.9907 299.100 041.400
2019-10-30T12:49:01.840 063.3345 037.0383 299.100 041.500
2019-10-30T12:49:03.840 063.2239 037.0859 299.100 041.600
2019-10-30T12:49:05.840 063.1132 037.1333 299.100 041.700
2019-10-30T12:49:07.840 063.0024 037.1806 299.100 041.800
2019-10-30T12:49:09.840 062.8914 037.2278 299.100 041.900
2019-10-30T12:49:11.840 062.7802 037.2748 299.100 042.000
2019-10-30T12:49:13.840 062.6689 037.3218 299.100 042.100
2019-10-30T12:49:15.840 062.6336 037.2598 299.200 042.100
2019-10-30T12:49:17.601 062.7512 037.2241 299.200 042.000
2019-10-30T12:49:19.601 062.8683 037.1877 299.200 041.900
2019-10-30T12:49:21.601 062.9857 037.1518 299.200 041.800
2019-10-30T12:49:23.601 063.1030 037.1158 299.200 041.700
2019-10-30T12:49:25.601 063.2202 037.0797 299.200 041.600
2019-10-30T12:49:27.601 063.3373 037.0435 299.200 041.500
2019-10-30T12:49:29.601 063.4542 037.0073 299.200 041.400
2019-10-30T12:49:31.601 063.5711 036.9709 299.200 041.300
2019-10-30T12:49:33.601 063.6879 036.9344 299.200 041.200
2019-10-30T12:49:35.601 063.8045 036.8979 299.200 041.100
2019-10-30T12:49:37.601 063.9211 036.8612 299.200 041.000
2019-10-30T12:49:39.601 064.0376 036.8244 299.200 040.900
2019-10-30T12:49:41.601 064.1539 036.7876 299.200 040.800
2019-10-30T12:49:43.601 064.2702 036.7506 299.200 040.700
2019-10-30T12:49:45.601 064.3863 036.7136 299.200 040.600
2019-10-30T12:49:47.601 064.5024 036.6765 299.200 040.500
2019-10-30T12:49:49.601 064.6183 036.6392 299.200 040.400
2019-10-30T12:49:51.601 064.7342 036.6019 299.200 040.300
2019-10-30T12:49:53.601 064.8499 036.5645 299.200 040.200
2019-10-30T12:49:55.601 064.9656 036.5270 299.200 040.100
2019-10-30T12:49:57.601 065.0811 036.4893 299.200 040.000
2019-10-30T12:49:59.601 065.1965 036.4516 299.200 039.900
2019-10-30T12:50:01.601 065.3119 036.4138 299.200 039.800
2019-10-30T12:50:03.601 065.4271 036.3759 299.200 039.700
2019-10-30T12:50:05.601 065.5422 036.3380 299.200 039.600
2019-10-30T12:50:07.601 065.6573 036.2999 299.200 039.500
2019-10-30T12:50:09.601 065.7722 036.2617 299.200 039.400
2019-10-30T12:50:11.601 065.8870 036.2234 299.200 039.300
2019-10-30T12:50:13.601 066.0017 036.1851 299.200 039.200
2019-10-30T12:50:15.601 066.1163 036.1466 299.200 039.100
2019-10-30T12:50:17.601 066.2308 036.1081 299.200 039.000
2019-10-30T12:50:19.601 066.3452 036.0694 299.200 038.900
2019-10-30T12:50:21.601 066.3059 036.0056 299.300 038.900
2019-10-30T12:50:23.601 066.1988 036.0559 299.300 039.000
2019-10-30T12:50:25.601 066.0914 036.1061 299.300 039.100
2019-10-30T12:50:27.601 065.9840 036.1562 299.300 039.200
2019-10-30T12:50:29.601 065.8763 036.2062 299.300 039.300
2019-10-30T12:50:31.601 065.7686 036.2561 299.300 039.400
2019-10-30T12:50:33.601 065.6606 036.3059 299.300 039.500
2019-10-30T12:50:35.601 065.5526 036.3555 299.300 039.600
2019-10-30T12:50:37.601 065.4444 036.4051 299.300 039.700
2019-10-30T12:50:39.601 065.3360 036.4545 299.300 039.800
2019-10-30T12:50:41.601 065.2275 036.5038 299.300 039.900
2019-10-30T12:50:43.361 065.1188 036.5530 299.300 040.000
2019-10-30T12:50:45.361 065.0096 036.6014 299.300 040.100
2019-10-30T12:50:47.361 064.9006 036.6503 299.300 040.200
2019-10-30T12:50:49.361 064.7915 036.6992 299.300 040.300
2019-10-30T12:50:51.361 064.6823 036.7479 299.300 040.400
2019-10-30T12:50:53.361 064.5729 036.7965 299.300 040.500
2019-10-30T12:50:55.361 064.4633 036.8450 299.300 040.600
2019-10-30T12:50:57.361 064.3536 036.8934 299.300 040.700
2019-10-30T12:50:59.361 064.2437 036.9417 299.300 040.800
2019-10-30T12:51:01.361 064.1337 036.9898 299.300 040.900
2019-10-30T12:51:03.361 064.0236 037.0378 299.300 041.000
2019-10-30T12:51:05.361 063.9133 037.0858 299.300 041.100
2019-10-30T12:51:07.361 063.8028 037.1335 299.300 041.200
2019-10-30T12:51:09.361 063.6922 037.1812 299.300 041.300
2019-10-30T12:51:11.361 063.5814 037.2288 299.300 041.400
2019-10-30T12:51:13.361 063.4705 037.2762 299.300 041.500
2019-10-30T12:51:15.361 063.3595 037.3235 299.300 041.600
2019-10-30T12:51:17.361 063.2483 037.3707 299.300 041.700
2019-10-30T12:51:19.361 063.1369 037.4177 299.300 041.800
2019-10-30T12:51:21.361 063.0254 037.4647 299.300 041.900
2019-10-30T12:51:23.361 062.9137 037.5115 299.300 042.000
2019-10-30T12:51:25.361 062.8019 037.5582 299.300 042.100
2019-10-30T12:51:27.361 062.7667 037.4962 299.400 042.100
2019-10-30T12:51:29.361 062.8848 037.4607 299.400 042.000
2019-10-30T12:51:31.361 063.0028 037.4252 299.400 041.900
2019-10-30T12:51:33.361 063.1207 037.3896 299.400 041.800
2019-10-30T12:51:35.361 063.2384 037.3538 299.400 041.700
2019-10-30T12:51:37.361 063.3561 037.3180 299.400 041.600
2019-10-30T12:51:39.361 063.4737 037.2821 299.400 041.500
2019-10-30T12:51:41.361 063.5911 037.2460 299.400 041.400
2019-10-30T12:51:43.361 063.7085 037.2099 299.400 041.300
2019-10-30T12:51:45.361 063.8257 037.1737 299.400 041.200
2019-10-30T12:51:47.361 063.9429 037.1374 299.400 041.100
2019-10-30T12:51:49.361 064.0599 037.1009 299.400 041.000
2019-10-30T12:51:51.361 064.1769 037.0644 299.400 040.900
2019-10-30T12:51:53.361 064.2937 037.0278 299.400 040.800
2019-10-30T12:51:55.361 064.4105 036.9911 299.400 040.700
2019-10-30T12:51:57.361 064.5271 036.9543 299.400 040.600
2019-10-30T12:51:59.361 064.6437 036.9174 299.400 040.500
2019-10-30T12:52:01.361 064.7601 036.8804 299.400 040.400
2019-10-30T12:52:03.361 064.8764 036.8433 299.400 040.300
2019-10-30T12:52:05.361 064.9926 036.8061 299.400 040.200
2019-10-30T12:52:07.361 065.1088 036.7688 299.400 040.100
2019-10-30T12:52:09.121 065.2248 036.7314 299.400 040.000
2019-10-30T12:52:11.121 065.3403 036.6932 299.400 039.900
2019-10-30T12:52:13.121 065.4561 036.6557 299.400 039.800
2019-10-30T12:52:15.121 065.5718 036.6180 299.400 039.700
2019-10-30T12:52:17.121 065.6874 036.5802 299.400 039.600
2019-10-30T12:52:19.121 065.8029 036.5424 299.400 039.500
2019-10-30T12:52:21.121 065.9183 036.5044 299.400 039.400
2019-10-30T12:52:23.121 066.0336 036.4664 299.400 039.300
2019-10-30T12:52:25.121 066.1487 036.4282 299.400 039.200
2019-10-30T12:52:27.121 066.2638 036.3900 299.400 039.100
2019-10-30T12:52:29.121 066.3788 036.3516 299.400 039.000
2019-10-30T12:52:31.121 066.4937 036.3132 299.400 038.900
2019-10-30T12:52:33.121 066.4544 036.2493 299.500 038.900
2019-10-30T12:52:35.121 066.3468 036.2994 299.500 039.000
2019-10-30T12:52:37.121 066.2390 036.3494 299.500 039.100
2019-10-30T12:52:39.121 066.1310 036.3993 299.500 039.200
2019-10-30T12:52:41.121 066.0229 036.4491 299.500 039.300
2019-10-30T12:52:43.121 065.9147 036.4988 299.500 039.400
2019-10-30T12:52:45.121 065.8063 036.5484 299.500 039.500
2019-10-30T12:52:47.121 065.6977 036.5978 299.500 039.600
2019-10-30T12:52:49.121 065.5890 036.6471 299.500 039.700
2019-10-30T12:52:51.121 065.4802 036.6964 299.500 039.800
2019-10-30T12:52:53.121 065.3711 036.7454 299.500 039.900
2019-10-30T12:52:55.121 065.2620 036.7944 299.500 040.000
2019-10-30T12:52:57.121 065.1527 036.8433 299.500 040.100
2019-10-30T12:52:59.121 065.0432 036.8920 299.500 040.200
2019-10-30T12:53:01.121 064.9336 036.9407 299.500 040.300
2019-10-30T12:53:03.121 064.8239 036.9892 299.500 040.400
2019-10-30T12:53:05.121 064.7140 037.0376 299.500 040.500
2019-10-30T12:53:07.121 064.6039 037.0859 299.500 040.600
2019-10-30T12:53:09.121 064.4937 037.1340 299.500 040.700
2019-10-30T12:53:11.121 064.3833 037.1821 299.500 040.800
2019-10-30T12:53:13.121 064.2728 037.2300 299.500 040.900
2019-10-30T12:53:15.121 064.1622 037.2778 299.500 041.000
2019-10-30T12:53:17.121 064.0514 037.3255 299.500 041.100
2019-10-30T12:53:19.121 063.9404 037.3730 299.500 041.200
2019-10-30T12:53:21.121 063.8293 037.4205 299.500 041.300
2019-10-30T12:53:23.121 063.7180 037.4678 299.500 041.400
2019-10-30T12:53:25.121 063.6066 037.5150 299.500 041.500
2019-10-30T12:53:27.121 063.4950 037.5621 299.500 041.600
2019-10-30T12:53:29.121 063.3833 037.6090 299.500 041.700
2019-10-30T12:53:31.121 063.2714 037.6558 299.500 041.800
2019-10-30T12:53:33.121 063.1594 037.7025 299.500 041.900
2019-10-30T12:53:34.881 063.0472 037.7491 299.500 042.000
2019-10-30T12:53:36.881 062.9345 037.7949 299.500 042.100
2019-10-30T12:53:38.881 062.8994 037.7328 299.600 042.100
2019-10-30T12:53:40.881 063.0180 037.6976 299.600 042.000
2019-10-30T12:53:42.881 063.1365 037.6623 299.600 041.900
2019-10-30T12:53:44.881 063.2549 037.6269 299.600 041.800
2019-10-30T12:53:46.881 063.3731 037.5915 299.600 041.700
2019-10-30T12:53:48.881 063.4913 037.5559 299.600 041.600
2019-10-30T12:53:50.881 063.6093 037.5202 299.600 041.500
2019-10-30T12:53:52.881 063.7273 037.4844 299.600 041.400
2019-10-30T12:53:54.881 063.8451 037.4485 299.600 041.300
2019-10-30T12:53:56.881 063.9629 037.4125 299.600 041.200
2019-10-30T12:53:58.881 064.0805 037.3764 299.600 041.100
2019-10-30T12:54:00.881 064.1981 037.3403 299.600 041.000
2019-10-30T12:54:02.881 064.3155 037.3040 299.600 040.900
2019-10-30T12:54:04.881 064.4328 037.2676 299.600 040.800
2019-10-30T12:54:06.881 064.5501 037.2311 299.600 040.700
2019-10-30T12:54:08.881 064.6672 037.1945 299.600 040.600
2019-10-30T12:54:10.881 064.7842 037.1579 299.600 040.500
2019-10-30T12:54:12.881 064.9011 037.1211 299.600 040.400
2019-10-30T12:54:14.881 065.0179 037.0842 299.600 040.300
2019-10-30T12:54:16.881 065.1346 037.0473 299.600 040.200
2019-10-30T12:54:18.881 065.2512 037.0102 299.600 040.100
2019-10-30T12:54:20.881 065.3677 036.9731 299.600 040.000
2019-10-30T12:54:22.881 065.4841 036.9358 299.600 039.900
2019-10-30T12:54:24.881 065.6004 036.8984 299.600 039.800
2019-10-30T12:54:26.881 065.7166 036.8610 299.600 039.700
2019-10-30T12:54:28.881 065.8327 036.8235 299.600 039.600
2019-10-30T12:54:30.881 065.9487 036.7858 299.600 039.500
2019-10-30T12:54:32.881 066.0645 036.7481 299.600 039.400
2019-10-30T12:54:34.881 066.1803 036.7103 299.600 039.300
2019-10-30T12:54:36.881 066.2960 036.6723 299.600 039.200
2019-10-30T12:54:38.881 066.4115 036.6343 299.600 039.100
2019-10-30T12:54:40.881 066.5270 036.5962 299.600 039.000
2019-10-30T12:54:42.881 066.6423 036.5580 299.600 038.900
2019-10-30T12:54:44.881 066.6031 036.4940 299.700 038.900
2019-10-30T12:54:46.881 066.4950 036.5439 299.700 039.000
2019-10-30T12:54:48.881 066.3867 036.5937 299.700 039.100
2019-10-30T12:54:50.881 066.2783 036.6434 299.700 039.200
2019-10-30T12:54:52.881 066.1697 036.6930 299.700 039.300
2019-10-30T12:54:54.881 066.0609 036.7425 299.700 039.400
2019-10-30T12:54:56.881 065.9520 036.7918 299.700 039.500
2019-10-30T12:54:58.881 065.8430 036.8411 299.700 039.600
2019-10-30T12:55:00.641 065.7338 036.8902 299.700 039.700
2019-10-30T12:55:02.641 065.6240 036.9385 299.700 039.800
2019-10-30T12:55:04.641 065.5145 036.9874 299.700 039.900
2019-10-30T12:55:06.641 065.4049 037.0362 299.700 040.000
2019-10-30T12:55:08.641 065.2951 037.0848 299.700 040.100
2019-10-30T12:55:10.641 065.1851 037.1333 299.700 040.200
2019-10-30T12:55:12.641 065.0750 037.1818 299.700 040.300
2019-10-30T12:55:14.641 064.9648 037.2301 299.700 040.400
2019-10-30T12:55:16.641 064.8544 037.2782 299.700 040.500
2019-10-30T12:55:18.641 064.7438 037.3263 299.700 040.600
2019-10-30T12:55:20.641 064.6331 037.3742 299.700 040.700
2019-10-30T12:55:22.641 064.5222 037.4220 299.700 040.800
2019-10-30T12:55:24.641 064.4112 037.4697 299.700 040.900
2019-10-30T12:55:26.641 064.3001 037.5173 299.700 041.000
2019-10-30T12:55:28.641 064.1887 037.5648 299.700 041.100
2019-10-30T12:55:30.641 064.0773 037.6121 299.700 041.200
2019-10-30T12:55:32.641 063.9656 037.6593 299.700 041.300
2019-10-30T12:55:34.641 063.8539 037.7064 299.700 041.400
2019-10-30T12:55:36.641 063.7419 037.7534 299.700 041.500
2019-10-30T12:55:38.641 063.6298 037.8002 299.700 041.600
2019-10-30T12:55:40.641 063.5176 037.8469 299.700 041.700
2019-10-30T12:55:42.641 063.4052 037.8935 299.700 041.800
2019-10-30T12:55:44.641 063.2927 037.9400 299.700 041.900
2019-10-30T12:55:46.641 063.1800 037.9863 299.700 042.000
2019-10-30T12:55:48.641 063.0671 038.0326 299.700 042.100
2019-10-30T12:55:50.641 063.0321 037.9704 299.800 042.100
2019-10-30T12:55:52.641 063.1512 037.9355 299.800 042.000
2019-10-30T12:55:54.641 063.2702 037.9004 299.800 041.900
2019-10-30T12:55:56.641 063.3891 037.8653 299.800 041.800
2019-10-30T12:55:58.641 063.5078 037.8300 299.800 041.700
2019-10-30T12:56:00.641 063.6265 037.7947 299.800 041.600
2019-10-30T12:56:02.641 063.7450 037.7593 299.800 041.500
2019-10-30T12:56:04.641 063.8635 037.7237 299.800 041.400
2019-10-30T12:56:06.641 063.9818 037.6881 299.800 041.300
2019-10-30T12:56:08.641 064.1001 037.6523 299.800 041.200
2019-10-30T12:56:10.641 064.2182 037.6165 299.800 041.100
2019-10-30T12:56:12.641 064.3363 037.5806 299.800 041.000
2019-10-30T12:56:14.641 064.4542 037.5445 299.800 040.900
2019-10-30T12:56:16.641 064.5720 037.5084 299.800 040.800
2019-10-30T12:56:18.641 064.6897 037.4721 299.800 040.700
2019-10-30T12:56:20.641 064.8074 037.4358 299.800 040.600
2019-10-30T12:56:22.641 064.9249 037.3993 299.800 040.500
2019-10-30T12:56:24.641 065.0423 037.3628 299.800 040.400
2019-10-30T12:56:26.401 065.1596 037.3262 299.800 040.300
2019-10-30T12:56:28.401 065.2764 037.2887 299.800 040.200
2019-10-30T12:56:30.401 065.3934 037.2519 299.800 040.100
2019-10-30T12:56:32.401 065.5104 037.2150 299.800 040.000
2019-10-30T12:56:34.401 065.6273 037.1779 299.800 039.900
2019-10-30T12:56:36.401 065.7441 037.1408 299.800 039.800
2019-10-30T12:56:38.401 065.8607 037.1036 299.800 039.700
2019-10-30T12:56:40.401 065.9773 037.0663 299.800 039.600
2019-10-30T12:56:42.401 066.0938 037.0289 299.800 039.500
2019-10-30T12:56:44.401 066.2101 036.9913 299.800 039.400
2019-10-30T12:56:46.401 066.3264 036.9537 299.800 039.300
2019-10-30T12:56:48.401 066.4425 036.9160 299.800 039.200
2019-10-30T12:56:50.401 066.5585 036.8782 299.800 039.100
2019-10-30T12:56:52.401 066.6745 036.8403 299.800 039.000
2019-10-30T12:56:54.401 066.7903 036.8023 299.800 038.900
2019-10-30T12:56:56.401 066.7512 036.7382 299.900 038.900
2019-10-30T12:56:58.401 066.6425 036.7880 299.900 039.000
2019-10-30T12:57:00.401 066.5338 036.8376 299.900 039.100
2019-10-30T12:57:02.401 066.4248 036.8871 299.900 039.200
2019-10-30T12:57:04.401 066.3158 036.9365 299.900 039.300
2019-10-30T12:57:06.401 066.2065 036.9857 299.900 039.400
2019-10-30T12:57:08.401 066.0971 037.0349 299.900 039.500
2019-10-30T12:57:10.401 065.9876 037.0839 299.900 039.600
2019-10-30T12:57:12.401 065.8779 037.1328 299.900 039.700
2019-10-30T12:57:14.401 065.7681 037.1816 299.900 039.800
2019-10-30T12:57:16.401 065.6581 037.2303 299.900 039.900
2019-10-30T12:57:18.401 065.5479 037.2788 299.900 040.000
2019-10-30T12:57:20.401 065.4376 037.3273 299.900 040.100
2019-10-30T12:57:22.401 065.3272 037.3756 299.900 040.200
2019-10-30T12:57:24.401 065.2165 037.4238 299.900 040.300
2019-10-30T12:57:26.401 065.1058 037.4719 299.900 040.400
2019-10-30T12:57:28.401 064.9949 037.5198 299.900 040.500
2019-10-30T12:57:30.401 064.8838 037.5677 299.900 040.600
2019-10-30T12:57:32.401 064.7726 037.6154 299.900 040.700
2019-10-30T12:57:34.401 064.6612 037.6630 299.900 040.800
2019-10-30T12:57:36.401 064.5497 037.7105 299.900 040.900
2019-10-30T12:57:38.401 064.4380 037.7578 299.900 041.000
2019-10-30T12:57:40.401 064.3262 037.8050 299.900 041.100
2019-10-30T12:57:42.401 064.2142 037.8522 299.900 041.200
2019-10-30T12:57:44.401 064.1020 037.8991 299.900 041.300
2019-10-30T12:57:46.401 063.9897 037.9460 299.900 041.400
2019-10-30T12:57:48.401 063.8773 037.9927 299.900 041.500
2019-10-30T12:57:50.401 063.7647 038.0393 299.900 041.600
2019-10-30T12:57:52.161 063.6519 038.0858 299.900 041.700
2019-10-30T12:57:54.161 063.5386 038.1315 299.900 041.800
2019-10-30T12:57:56.161 063.4256 038.1777 299.900 041.900
2019-10-30T12:57:58.161 063.3124 038.2238 299.900 042.000
2019-10-30T12:58:00.161 063.1990 038.2698 299.900 042.100
2019-10-30T12:58:02.161 063.1641 038.2076 300.000 042.100
2019-10-30T12:58:04.161 063.2837 038.1729 300.000 042.000
2019-10-30T12:58:06.161 063.4032 038.1381 300.000 041.900
2019-10-30T12:58:08.161 063.5225 038.1032 300.000 041.800
2019-10-30T12:58:10.161 063.6418 038.0682 300.000 041.700
2019-10-30T12:58:12.161 063.7610 038.0331 300.000 041.600
2019-10-30T12:58:14.161 063.8800 037.9979 300.000 041.500
2019-10-30T12:58:16.161 063.9990 037.9626 300.000 041.400
2019-10-30T12:58:18.161 064.1178 037.9272 300.000 041.300
2019-10-30T12:58:20.161 064.2366 037.8917 300.000 041.200
2019-10-30T12:58:22.161 064.3552 037.8561 300.000 041.100
2019-10-30T12:58:24.161 064.4737 037.8204 300.000 041.000
2019-10-30T12:58:26.161 064.5922 037.7846 300.000 040.900
2019-10-30T12:58:28.161 064.7105 037.7487 300.000 040.800
2019-10-30T12:58:30.161 064.8287 037.7127 300.000 040.700
2019-10-30T12:58:32.161 064.9468 037.6766 300.000 040.600
2019-10-30T12:58:34.161 065.0648 037.6404 300.000 040.500
2019-10-30T12:58:36.161 065.1827 037.6041 300.000 040.400
2019-10-30T12:58:38.161 065.3005 037.5677 300.000 040.300
2019-10-30T12:58:40.161 065.4182 037.5312 300.000 040.200
2019-10-30T12:58:42.161 065.5358 037.4946 300.000 040.100
2019-10-30T12:58:44.161 065.6532 037.4579 300.000 040.000
2019-10-30T12:58:46.161 065.7706 037.4211 300.000 039.900
2019-10-30T12:58:48.161 065.8879 037.3842 300.000 039.800
2019-10-30T12:58:50.161 066.0050 037.3472 300.000 039.700
2019-10-30T12:58:52.161 066.1221 037.3101 300.000 039.600
2019-10-30T12:58:54.161 066.2390 037.2729 300.000 039.500
2019-10-30T12:58:56.161 066.3559 037.2356 300.000 039.400
2019-10-30T12:58:58.161 066.4726 037.1982 300.000 039.300
2019-10-30T12:59:00.161 066.5892 037.1607 300.000 039.200
2019-10-30T12:59:02.161 066.7058 037.1231 300.000 039.100
2019-10-30T12:59:04.161 066.8222 037.0854 300.000 039.000
2019-10-30T12:59:06.161 066.9385 037.0476 300.000 038.900
2019-10-30T12:59:08.161 066.8994 036.9835 300.100 038.900
2019-10-30T12:59:10.161 066.7903 037.0330 300.100 039.000
2019-10-30T12:59:12.161 066.6810 037.0824 300.100 039.100
2019-10-30T12:59:14.161 066.5716 037.1317 300.100 039.200
2019-10-30T12:59:16.161 066.4620 037.1809 300.100 039.300
2019-10-30T12:59:17.921 066.3523 037.2299 300.100 039.400
2019-10-30T12:59:19.921 066.2420 037.2782 300.100 039.500
2019-10-30T12:59:21.921 066.1319 037.3270 300.100 039.600
2019-10-30T12:59:23.921 066.0217 037.3757 300.100 039.700
2019-10-30T12:59:25.921 065.9114 037.4243 300.100 039.800
2019-10-30T12:59:27.921 065.8009 037.4728 300.100 039.900
2019-10-30T12:59:29.921 065.6903 037.5211 300.100 040.000
2019-10-30T12:59:31.921 065.5794 037.5693 300.100 040.100
2019-10-30T12:59:33.921 065.4685 037.6174 300.100 040.200
2019-10-30T12:59:35.921 065.3574 037.6654 300.100 040.300
2019-10-30T12:59:37.921 065.2461 037.7133 300.100 040.400
2019-10-30T12:59:39.921 065.1347 037.7610 300.100 040.500
2019-10-30T12:59:41.921 065.0231 037.8086 300.100 040.600
2019-10-30T12:59:43.921 064.9114 037.8561 300.100 040.700
2019-10-30T12:59:45.921 064.7995 037.9035 300.100 040.800
2019-10-30T12:59:47.921 064.6874 037.9508 300.100 040.900
2019-10-30T12:59:49.921 064.5752 037.9979 300.100 041.000
2019-10-30T12:59:51.921 064.4629 038.0449 300.100 041.100
2019-10-30T12:59:53.921 064.3504 038.0918 300.100 041.200
2019-10-30T12:59:55.921 064.2377 038.1385 300.100 041.300
2019-10-30T12:59:57.921 064.1249 038.1852 300.100 041.400
2019-10-30T12:59:59.921 064.0119 038.2317 300.100 041.500
2019-10-30T13:00:01.921 063.8988 038.2781 300.100 041.600
2019-10-30T13:00:03.921 063.7855 038.3243 300.100 041.700
2019-10-30T13:00:05.921 063.6721 038.3704 300.100 041.800
2019-10-30T13:00:07.921 063.5585 038.4164 300.100 041.900
2019-10-30T13:00:09.921 063.4447 038.4623 300.100 042.000
2019-10-30T13:00:11.921 063.3308 038.5080 300.100 042.100
2019-10-30T13:00:13.921 063.2960 038.4457 300.200 042.100
2019-10-30T13:00:15.921 063.4161 038.4113 300.200 042.000
2019-10-30T13:00:17.921 063.5361 038.3768 300.200 041.900
2019-10-30T13:00:19.921 063.6560 038.3421 300.200 041.800
2019-10-30T13:00:21.921 063.7758 038.3074 300.200 041.700
2019-10-30T13:00:23.921 063.8955 038.2725 300.200 041.600
2019-10-30T13:00:25.921 064.0150 038.2376 300.200 041.500
2019-10-30T13:00:27.921 064.1345 038.2025 300.200 041.400
2019-10-30T13:00:29.921 064.2538 038.1674 300.200 041.300
2019-10-30T13:00:31.921 064.3731 038.1321 300.200 041.200
2019-10-30T13:00:33.921 064.4922 038.0967 300.200 041.100
2019-10-30T13:00:35.921 064.6113 038.0613 300.200 041.000
2019-10-30T13:00:37.921 064.7302 038.0257 300.200 040.900
2019-10-30T13:00:39.921 064.8490 037.9900 300.200 040.800
2019-10-30T13:00:41.921 064.9677 037.9543 300.200 040.700
2019-10-30T13:00:43.681 065.0864 037.9184 300.200 040.600
2019-10-30T13:00:45.681 065.2045 037.8817 300.200 040.500
2019-10-30T13:00:47.681 065.3229 037.8456 300.200 040.400
2019-10-30T13:00:49.681 065.4411 037.8095 300.200 040.300
2019-10-30T13:00:51.681 065.5593 037.7732 300.200 040.200
2019-10-30T13:00:53.681 065.6774 037.7368 300.200 040.100
2019-10-30T13:00:55.681 065.7954 037.7003 300.200 040.000
2019-10-30T13:00:57.681 065.9132 037.6638 300.200 039.900
2019-10-30T13:00:59.681 066.0310 037.6271 300.200 039.800
2019-10-30T13:01:01.681 066.1487 037.5903 300.200 039.700
2019-10-30T13:01:03.681 066.2662 037.5534 300.200 039.600
2019-10-30T13:01:05.681 066.3836 037.5164 300.200 039.500
2019-10-30T13:01:07.681 066.5010 037.4794 300.200 039.400
2019-10-30T13:01:09.681 066.6182 037.4422 300.200 039.300
2019-10-30T13:01:11.681 066.7353 037.4049 300.200 039.200
2019-10-30T13:01:13.681 066.8523 037.3675 300.200 039.100
2019-10-30T13:01:15.681 066.9692 037.3301 300.200 039.000
2019-10-30T13:01:17.681 067.0860 037.2925 300.200 038.900
2019-10-30T13:01:19.681 067.0470 037.2283 300.300 038.900
2019-10-30T13:01:21.681 066.9374 037.2776 300.300 039.000
2019-10-30T13:01:23.681 066.8276 037.3268 300.300 039.100
2019-10-30T13:01:25.681 066.7177 037.3759 300.300 039.200
2019-10-30T13:01:27.681 066.6076 037.4249 300.300 039.300
2019-10-30T13:01:29.681 066.4974 037.4737 300.300 039.400
2019-10-30T13:01:31.681 066.3870 037.5225 300.300 039.500
2019-10-30T13:01:33.681 066.2764 037.5711 300.300 039.600
2019-10-30T13:01:35.681 066.1657 037.6196 300.300 039.700
2019-10-30T13:01:37.681 066.0549 037.6679 300.300 039.800
2019-10-30T13:01:39.681 065.9439 037.7162 300.300 039.900
2019-10-30T13:01:41.681 065.8327 037.7643 300.300 040.000
2019-10-30T13:01:43.681 065.7214 037.8123 300.300 040.100
2019-10-30T13:01:45.681 065.6099 037.8602 300.300 040.200
2019-10-30T13:01:47.681 065.4983 037.9080 300.300 040.300
2019-10-30T13:01:49.681 065.3865 037.9557 300.300 040.400
2019-10-30T13:01:51.681 065.2746 038.0032 300.300 040.500
2019-10-30T13:01:53.681 065.1625 038.0506 300.300 040.600
2019-10-30T13:01:55.681 065.0502 038.0979 300.300 040.700
2019-10-30T13:01:57.681 064.9378 038.1450 300.300 040.800
2019-10-30T13:01:59.681 064.8253 038.1920 300.300 040.900
2019-10-30T13:02:01.681 064.7125 038.2389 300.300 041.000
2019-10-30T13:02:03.681 064.5997 038.2857 300.300 041.100
2019-10-30T13:02:05.681 064.4866 038.3324 300.300 041.200
2019-10-30T13:02:07.681 064.3734 038.3789 300.300 041.300
2019-10-30T13:02:09.441 064.2601 038.4253 300.300 041.400
2019-10-30T13:02:11.441 064.1462 038.4709 300.300 041.500
2019-10-30T13:02:13.441 064.0325 038.5170 300.300 041.600
2019-10-30T13:02:15.441 063.9187 038.5631 300.300 041.700
2019-10-30T13:02:17.441 063.8048 038.6089 300.300 041.800
2019-10-30T13:02:19.441 063.6906 038.6547 300.300 041.900
2019-10-30T13:02:21.441 063.5764 038.7003 300.300 042.000
2019-10-30T13:02:23.441 063.4619 038.7459 300.300 042.100
2019-10-30T13:02:25.441 063.4272 038.6835 300.400 042.100
2019-10-30T13:02:27.441 063.5478 038.6493 300.400 042.000
2019-10-30T13:02:29.441 063.6683 038.6150 300.400 041.900
2019-10-30T13:02:31.441 063.7887 038.5806 300.400 041.800
2019-10-30T13:02:33.441 063.9090 038.5461 300.400 041.700
2019-10-30T13:02:35.441 064.0292 038.5115 300.400 041.600
2019-10-30T13:02:37.441 064.1493 038.4768 300.400 041.500
2019-10-30T13:02:39.441 064.2693 038.4420 300.400 041.400
2019-10-30T13:02:41.441 064.3891 038.4071 300.400 041.300
2019-10-30T13:02:43.441 064.5089 038.3721 300.400 041.200
2019-10-30T13:02:45.441 064.6285 038.3369 300.400 041.100
2019-10-30T13:02:47.441 064.7481 038.3017 300.400 041.000
2019-10-30T13:02:49.441 064.8675 038.2664 300.400 040.900
2019-10-30T13:02:51.441 064.9869 038.2309 300.400 040.800
2019-10-30T13:02:53.441 065.1061 038.1954 300.400 040.700
2019-10-30T13:02:55.441 065.2252 038.1598 300.400 040.600
2019-10-30T13:02:57.441 065.3442 038.1240 300.400 040.500
2019-10-30T13:02:59.441 065.4631 038.0882 300.400 040.400
2019-10-30T13:03:01.441 065.5819 038.0522 300.400 040.300
2019-10-30T13:03:03.441 065.7006 038.0162 300.400 040.200
2019-10-30T13:03:05.441 065.8192 037.9800 300.400 040.100
2019-10-30T13:03:07.441 065.9376 037.9438 300.400 040.000
2019-10-30T13:03:09.441 066.0560 037.9074 300.400 039.900
2019-10-30T13:03:11.441 066.1743 037.8710 300.400 039.800
2019-10-30T13:03:13.441 066.2924 037.8344 300.400 039.700
2019-10-30T13:03:15.441 066.4105 037.7977 300.400 039.600
2019-10-30T13:03:17.441 066.5284 037.7610 300.400 039.500
2019-10-30T13:03:19.441 066.6462 037.7241 300.400 039.400
2019-10-30T13:03:21.441 066.7639 037.6872 300.400 039.300
2019-10-30T13:03:23.441 066.8815 037.6501 300.400 039.200
2019-10-30T13:03:25.441 066.9990 037.6129 300.400 039.100
2019-10-30T13:03:27.441 067.1164 037.5757 300.400 039.000
2019-10-30T13:03:29.441 067.2337 037.5383 300.400 038.900
2019-10-30T13:03:31.441 067.1948 037.4740 300.500 038.900
2019-10-30T13:03:33.441 067.0847 037.5232 300.500 039.000
2019-10-30T13:03:35.201 066.9744 037.5722 300.500 039.100
2019-10-30T13:03:37.201 066.8635 037.6204 300.500 039.200
2019-10-30T13:03:39.201 066.7530 037.6691 300.500 039.300
2019-10-30T13:03:41.201 066.6422 037.7178 300.500 039.400
2019-10-30T13:03:43.201 066.5313 037.7663 300.500 039.500
2019-10-30T13:03:45.201 066.4203 037.8147 300.500 039.600
2019-10-30T13:03:47.201 066.3091 037.8630 300.500 039.700
2019-10-30T13:03:49.201 066.1977 037.9112 300.500 039.800
2019-10-30T13:03:51.201 066.0862 037.9592 300.500 039.900
2019-10-30T13:03:53.201 065.9745 038.0071 300.500 040.000
2019-10-30T13:03:55.201 065.8627 038.0549 300.500 040.100
2019-10-30T13:03:57.201 065.7507 038.1026 300.500 040.200
2019-10-30T13:03:59.201 065.6385 038.1502 300.500 040.300
2019-10-30T13:04:01.201 065.5262 038.1976 300.500 040.400
2019-10-30T13:04:03.201 065.4138 038.2449 300.500 040.500
2019-10-30T13:04:05.201 065.3012 038.2921 300.500 040.600
2019-10-30T13:04:07.201 065.1884 038.3391 300.500 040.700
2019-10-30T13:04:09.201 065.0755 038.3861 300.500 040.800
2019-10-30T13:04:11.201 064.9624 038.4329 300.500 040.900
2019-10-30T13:04:13.201 064.8491 038.4796 300.500 041.000
2019-10-30T13:04:15.201 064.7357 038.5261 300.500 041.100
2019-10-30T13:04:17.201 064.6222 038.5725 300.500 041.200
2019-10-30T13:04:19.201 064.5084 038.6188 300.500 041.300
2019-10-30T13:04:21.201 064.3946 038.6650 300.500 041.400
2019-10-30T13:04:23.201 064.2805 038.7111 300.500 041.500
2019-10-30T13:04:25.201 064.1663 038.7570 300.500 041.600
2019-10-30T13:04:27.201 064.0520 038.8028 300.500 041.700
2019-10-30T13:04:29.201 063.9375 038.8484 300.500 041.800
2019-10-30T13:04:31.201 063.8228 038.8939 300.500 041.900
2019-10-30T13:04:33.201 063.7080 038.9393 300.500 042.000
2019-10-30T13:04:35.201 063.5930 038.9846 300.500 042.100
2019-10-30T13:04:37.201 063.5584 038.9222 300.600 042.100
2019-10-30T13:04:39.201 063.6796 038.8882 300.600 042.000
2019-10-30T13:04:41.201 063.8006 038.8542 300.600 041.900
2019-10-30T13:04:43.201 063.9215 038.8200 300.600 041.800
2019-10-30T13:04:45.201 064.0423 038.7858 300.600 041.700
2019-10-30T13:04:47.201 064.1630 038.7514 300.600 041.600
2019-10-30T13:04:49.201 064.2836 038.7170 300.600 041.500
2019-10-30T13:04:51.201 064.4041 038.6824 300.600 041.400
2019-10-30T13:04:53.201 064.5245 038.6477 300.600 041.300
2019-10-30T13:04:55.201 064.6448 038.6130 300.600 041.200
2019-10-30T13:04:57.201 064.7649 038.5781 300.600 041.100
2019-10-30T13:04:59.201 064.8850 038.5431 300.600 041.000
2019-10-30T13:05:00.961 065.0049 038.5080 300.600 040.900
2019-10-30T13:05:02.961 065.1244 038.4721 300.600 040.800
2019-10-30T13:05:04.961 065.2441 038.4368 300.600 040.700
2019-10-30T13:05:06.961 065.3637 038.4014 300.600 040.600
2019-10-30T13:05:08.961 065.4833 038.3659 300.600 040.500
2019-10-30T13:05:10.961 065.6027 038.3303 300.600 040.400
2019-10-30T13:05:12.961 065.7220 038.2945 300.600 040.300
2019-10-30T13:05:14.961 065.8412 038.2587 300.600 040.200
2019-10-30T13:05:16.961 065.9603 038.2228 300.600 040.100
2019-10-30T13:05:18.961 066.0792 038.1868 300.600 040.000
2019-10-30T13:05:20.961 066.1981 038.1506 300.600 039.900
2019-10-30T13:05:22.961 066.3169 038.1144 300.600 039.800
2019-10-30T13:05:24.961 066.4355 038.0781 300.600 039.700
2019-10-30T13:05:26.961 066.5541 038.0416 300.600 039.600
2019-10-30T13:05:28.961 066.6725 038.0051 300.600 039.500
2019-10-30T13:05:30.961 066.7908 037.9684 300.600 039.400
2019-10-30T13:05:32.961 066.9090 037.9317 300.600 039.300
2019-10-30T13:05:34.961 067.0271 037.8949 300.600 039.200
2019-10-30T13:05:36.961 067.1451 037.8579 300.600 039.100
2019-10-30T13:05:38.961 067.2630 037.8209 300.600 039.000
2019-10-30T13:05:40.961 067.3808 037.7837 300.600 038.900
2019-10-30T13:05:42.961 067.3419 037.7194 300.700 038.900
2019-10-30T13:05:44.961 067.2313 037.7683 300.700 039.000
2019-10-30T13:05:46.961 067.1205 037.8171 300.700 039.100
2019-10-30T13:05:48.961 067.0096 037.8658 300.700 039.200
2019-10-30T13:05:50.961 066.8985 037.9144 300.700 039.300
2019-10-30T13:05:52.961 066.7872 037.9628 300.700 039.400
2019-10-30T13:05:54.961 066.6758 038.0111 300.700 039.500
2019-10-30T13:05:56.961 066.5643 038.0593 300.700 039.600
2019-10-30T13:05:58.961 066.4525 038.1074 300.700 039.700
2019-10-30T13:06:00.961 066.3407 038.1554 300.700 039.800
2019-10-30T13:06:02.961 066.2286 038.2032 300.700 039.900
2019-10-30T13:06:04.961 066.1164 038.2509 300.700 040.000
2019-10-30T13:06:06.961 066.0041 038.2985 300.700 040.100
2019-10-30T13:06:08.961 065.8916 038.3460 300.700 040.200
2019-10-30T13:06:10.961 065.7789 038.3933 300.700 040.300
2019-10-30T13:06:12.961 065.6661 038.4405 300.700 040.400
2019-10-30T13:06:14.961 065.5531 038.4876 300.700 040.500
2019-10-30T13:06:16.961 065.4399 038.5346 300.700 040.600
2019-10-30T13:06:18.961 065.3266 038.5814 300.700 040.700
2019-10-30T13:06:20.961 065.2132 038.6281 300.700 040.800
2019-10-30T13:06:22.961 065.0995 038.6747 300.700 040.900
2019-10-30T13:06:24.961 064.9858 038.7211 300.700 041.000
2019-10-30T13:06:26.721 064.8718 038.7675 300.700 041.100
2019-10-30T13:06:28.721 064.7574 038.8130 300.700 041.200
2019-10-30T13:06:30.721 064.6431 038.8591 300.700 041.300
2019-10-30T13:06:32.721 064.5287 038.9050 300.700 041.400
2019-10-30T13:06:34.721 064.4141 038.9508 300.700 041.500
2019-10-30T13:06:36.721 064.2994 038.9965 300.700 041.600
2019-10-30T13:06:38.721 064.1845 039.0421 300.700 041.700
2019-10-30T13:06:40.721 064.0695 039.0875 300.700 041.800
2019-10-30T13:06:42.721 063.9543 039.1328 300.700 041.900
2019-10-30T13:06:44.721 063.8389 039.1779 300.700 042.000
2019-10-30T13:06:46.721 063.7234 039.2230 300.700 042.100
2019-10-30T13:06:48.721 063.6889 039.1604 300.800 042.100
2019-10-30T13:06:50.721 063.8105 039.1268 300.800 042.000
2019-10-30T13:06:52.721 063.9321 039.0930 300.800 041.900
2019-10-30T13:06:54.721 064.0535 039.0591 300.800 041.800
2019-10-30T13:06:56.721 064.1748 039.0251 300.800 041.700
2019-10-30T13:06:58.721 064.2961 038.9910 300.800 041.600
2019-10-30T13:07:00.721 064.4172 038.9567 300.800 041.500
2019-10-30T13:07:02.721 064.5382 038.9224 300.800 041.400
2019-10-30T13:07:04.721 064.6591 038.8880 300.800 041.300
2019-10-30T13:07:06.721 064.7799 038.8534 300.800 041.200
2019-10-30T13:07:08.721 064.9006 038.8188 300.800 041.100
2019-10-30T13:07:10.721 065.0212 038.7840 300.800 041.000
2019-10-30T13:07:12.721 065.1416 038.7492 300.800 040.900
2019-10-30T13:07:14.721 065.2620 038.7142 300.800 040.800
2019-10-30T13:07:16.721 065.3822 038.6792 300.800 040.700
2019-10-30T13:07:18.721 065.5024 038.6440 300.800 040.600
2019-10-30T13:07:20.721 065.6224 038.6087 300.800 040.500
2019-10-30T13:07:22.721 065.7423 038.5733 300.800 040.400
2019-10-30T13:07:24.721 065.8622 038.5378 300.800 040.300
2019-10-30T13:07:26.721 065.9819 038.5022 300.800 040.200
2019-10-30T13:07:28.721 066.1015 038.4665 300.800 040.100
2019-10-30T13:07:30.721 066.2210 038.4307 300.800 040.000
2019-10-30T13:07:32.721 066.3403 038.3948 300.800 039.900
2019-10-30T13:07:34.721 066.4596 038.3588 300.800 039.800
2019-10-30T13:07:36.721 066.5788 038.3227 300.800 039.700
2019-10-30T13:07:38.721 066.6978 038.2865 300.800 039.600
2019-10-30T13:07:40.721 066.8168 038.2502 300.800 039.500
2019-10-30T13:07:42.721 066.9356 038.2137 300.800 039.400
2019-10-30T13:07:44.721 067.0543 038.1772 300.800 039.300
2019-10-30T13:07:46.721 067.1729 038.1406 300.800 039.200
2019-10-30T13:07:48.721 067.2914 038.1039 300.800 039.100
2019-10-30T13:07:50.721 067.4098 038.0670 300.800 039.000
2019-10-30T13:07:52.481 067.5281 038.0301 300.800 038.900
2019-10-30T13:07:54.481 067.4889 037.9650 300.900 038.900
2019-10-30T13:07:56.481 067.3777 038.0137 300.900 039.000
2019-10-30T13:07:58.481 067.2664 038.0623 300.900 039.100
2019-10-30T13:08:00.481 067.1550 038.1108 300.900 039.200
2019-10-30T13:08:02.481 067.0434 038.1591 300.900 039.300
2019-10-30T13:08:04.481 066.9316 038.2074 300.900 039.400
2019-10-30T13:08:06.481 066.8197 038.2555 300.900 039.500
2019-10-30T13:08:08.481 066.7076 038.3035 300.900 039.600
2019-10-30T13:08:10.481 066.5954 038.3514 300.900 039.700
2019-10-30T13:08:12.481 066.4830 038.3991 300.900 039.800
2019-10-30T13:08:14.481 066.3704 038.4467 300.900 039.900
2019-10-30T13:08:16.481 066.2577 038.4942 300.900 040.000
2019-10-30T13:08:18.481 066.1448 038.5416 300.900 040.100
2019-10-30T13:08:20.481 066.0318 038.5889 300.900 040.200
2019-10-30T13:08:22.481 065.9186 038.6360 300.900 040.300
2019-10-30T13:08:24.481 065.8052 038.6830 300.900 040.400
2019-10-30T13:08:26.481 065.6917 038.7299 300.900 040.500
2019-10-30T13:08:28.481 065.5780 038.7766 300.900 040.600
2019-10-30T13:08:30.481 065.4642 038.8232 300.900 040.700
2019-10-30T13:08:32.481 065.3502 038.8697 300.900 040.800
2019-10-30T13:08:34.481 065.2360 038.9161 300.900 040.900
2019-10-30T13:08:36.481 065.1217 038.9623 300.900 041.000
2019-10-30T13:08:38.481 065.0072 039.0084 300.900 041.100
2019-10-30T13:08:40.481 064.8926 039.0544 300.900 041.200
2019-10-30T13:08:42.481 064.7778 039.1002 300.900 041.300
2019-10-30T13:08:44.481 064.6629 039.1459 300.900 041.400
2019-10-30T13:08:46.481 064.5477 039.1915 300.900 041.500
2019-10-30T13:08:48.481 064.4325 039.2370 300.900 041.600
2019-10-30T13:08:50.481 064.3170 039.2823 300.900 041.700
2019-10-30T13:08:52.481 064.2014 039.3275 300.900 041.800
2019-10-30T13:08:54.481 064.0857 039.3725 300.900 041.900
2019-10-30T13:08:56.481 063.9698 039.4175 300.900 042.000
2019-10-30T13:08:58.481 063.8537 039.4623 300.900 042.100
2019-10-30T13:09:00.481 063.8193 039.3997 301.000 042.100
2019-10-30T13:09:02.481 063.9415 039.3662 301.000 042.000
2019-10-30T13:09:04.481 064.0636 039.3327 301.000 041.900
2019-10-30T13:09:06.481 064.1855 039.2990 301.000 041.800
2019-10-30T13:09:08.481 064.3074 039.2653 301.000 041.700
2019-10-30T13:09:10.481 064.4292 039.2314 301.000 041.600
2019-10-30T13:09:12.481 064.5508 039.1974 301.000 041.500
2019-10-30T13:09:14.481 064.6723 039.1634 301.000 041.400
2019-10-30T13:09:16.481 064.7938 039.1292 301.000 041.300
2019-10-30T13:09:18.241 064.9151 039.0949 301.000 041.200
2019-10-30T13:09:20.241 065.0359 039.0598 301.000 041.100
2019-10-30T13:09:22.241 065.1570 039.0253 301.000 041.000
2019-10-30T13:09:24.241 065.2780 038.9906 301.000 040.900
2019-10-30T13:09:26.241 065.3989 038.9559 301.000 040.800
2019-10-30T13:09:28.241 065.5197 038.9211 301.000 040.700
2019-10-30T13:09:30.241 065.6403 038.8861 301.000 040.600
2019-10-30T13:09:32.241 065.7609 038.8511 301.000 040.500
2019-10-30T13:09:34.241 065.8813 038.8159 301.000 040.400
2019-10-30T13:09:36.241 066.0017 038.7807 301.000 040.300
2019-10-30T13:09:38.241 066.1219 038.7453 301.000 040.200
2019-10-30T13:09:40.241 066.2420 038.7098 301.000 040.100
2019-10-30T13:09:42.241 066.3620 038.6743 301.000 040.000
2019-10-30T13:09:44.241 066.4819 038.6386 301.000 039.900
2019-10-30T13:09:46.241 066.6017 038.6028 301.000 039.800
2019-10-30T13:09:48.241 066.7214 038.5669 301.000 039.700
2019-10-30T13:09:50.241 066.8409 038.5309 301.000 039.600
2019-10-30T13:09:52.241 066.9604 038.4948 301.000 039.500
2019-10-30T13:09:54.241 067.0797 038.4586 301.000 039.400
2019-10-30T13:09:56.241 067.1989 038.4223 301.000 039.300
2019-10-30T13:09:58.241 067.3181 038.3859 301.000 039.200
2019-10-30T13:10:00.241 067.4371 038.3494 301.000 039.100
2019-10-30T13:10:02.241 067.5560 038.3127 301.000 039.000
2019-10-30T13:10:04.241 067.6748 038.2760 301.000 038.900
2019-10-30T13:10:06.241 067.6360 038.2115 301.100 038.900
2019-10-30T13:10:08.241 067.5243 038.2600 301.100 039.000
2019-10-30T13:10:10.241 067.4125 038.3084 301.100 039.100
2019-10-30T13:10:12.241 067.3006 038.3567 301.100 039.200
2019-10-30T13:10:14.241 067.1884 038.4049 301.100 039.300
2019-10-30T13:10:16.241 067.0762 038.4529 301.100 039.400
2019-10-30T13:10:18.241 066.9637 038.5008 301.100 039.500
2019-10-30T13:10:20.241 066.8511 038.5486 301.100 039.600
2019-10-30T13:10:22.241 066.7383 038.5963 301.100 039.700
2019-10-30T13:10:24.241 066.6254 038.6438 301.100 039.800
2019-10-30T13:10:26.241 066.5123 038.6913 301.100 039.900
2019-10-30T13:10:28.241 066.3991 038.7385 301.100 040.000
2019-10-30T13:10:30.241 066.2856 038.7857 301.100 040.100
2019-10-30T13:10:32.241 066.1721 038.8327 301.100 040.200
2019-10-30T13:10:34.241 066.0583 038.8796 301.100 040.300
2019-10-30T13:10:36.241 065.9445 038.9264 301.100 040.400
2019-10-30T13:10:38.241 065.8304 038.9731 301.100 040.500
2019-10-30T13:10:40.241 065.7162 039.0196 301.100 040.600
2019-10-30T13:10:42.241 065.6018 039.0660 301.100 040.700
2019-10-30T13:10:44.001 065.4873 039.1123 301.100 040.800
2019-10-30T13:10:46.001 065.3722 039.1577 301.100 040.900
2019-10-30T13:10:48.001 065.2573 039.2037 301.100 041.000
2019-10-30T13:10:50.001 065.1423 039.2496 301.100 041.100
2019-10-30T13:10:52.001 065.0271 039.2954 301.100 041.200
2019-10-30T13:10:54.001 064.9118 039.3410 301.100 041.300
2019-10-30T13:10:56.001 064.7963 039.3865 301.100 041.400
2019-10-30T13:10:58.001 064.6806 039.4318 301.100 041.500
2019-10-30T13:11:00.001 064.5648 039.4770 301.100 041.600
2019-10-30T13:11:02.001 064.4488 039.5221 301.100 041.700
2019-10-30T13:11:04.001 064.3327 039.5671 301.100 041.800
2019-10-30T13:11:06.001 064.2164 039.6119 301.100 041.900
2019-10-30T13:11:08.001 064.0999 039.6566 301.100 042.000
2019-10-30T13:11:10.001 063.9833 039.7011 301.100 042.100
2019-10-30T13:11:12.001 063.9490 039.6385 301.200 042.100
2019-10-30T13:11:14.001 064.0717 039.6053 301.200 042.000
2019-10-30T13:11:16.001 064.1943 039.5720 301.200 041.900
2019-10-30T13:11:18.001 064.3168 039.5386 301.200 041.800
2019-10-30T13:11:20.001 064.4392 039.5051 301.200 041.700
2019-10-30T13:11:22.001 064.5615 039.4715 301.200 041.600
2019-10-30T13:11:24.001 064.6837 039.4377 301.200 041.500
2019-10-30T13:11:26.001 064.8058 039.4039 301.200 041.400
2019-10-30T13:11:28.001 064.9277 039.3700 301.200 041.300
2019-10-30T13:11:30.001 065.0496 039.3359 301.200 041.200
2019-10-30T13:11:32.001 065.1713 039.3017 301.200 041.100
2019-10-30T13:11:34.001 065.2930 039.2674 301.200 041.000
2019-10-30T13:11:36.001 065.4145 039.2331 301.200 040.900
2019-10-30T13:11:38.001 065.5359 039.1986 301.200 040.800
2019-10-30T13:11:40.001 065.6572 039.1640 301.200 040.700
2019-10-30T13:11:42.001 065.7784 039.1293 301.200 040.600
2019-10-30T13:11:44.001 065.8995 039.0944 301.200 040.500
2019-10-30T13:11:46.001 066.0204 039.0595 301.200 040.400
2019-10-30T13:11:48.001 066.1413 039.0245 301.200 040.300
2019-10-30T13:11:50.001 066.2620 038.9893 301.200 040.200
2019-10-30T13:11:52.001 066.3827 038.9541 301.200 040.100
2019-10-30T13:11:54.001 066.5032 038.9187 301.200 040.000
2019-10-30T13:11:56.001 066.6236 038.8833 301.200 039.900
2019-10-30T13:11:58.001 066.7439 038.8477 301.200 039.800
2019-10-30T13:12:00.001 066.8641 038.8121 301.200 039.700
2019-10-30T13:12:02.001 066.9842 038.7763 301.200 039.600
2019-10-30T13:12:04.001 067.1042 038.7404 301.200 039.500
2019-10-30T13:12:06.001 067.2240 038.7044 301.200 039.400
2019-10-30T13:12:08.001 067.3438 038.6683 301.200 039.300
2019-10-30T13:12:09.761 067.4634 038.6321 301.200 039.200
2019-10-30T13:12:11.761 067.5825 038.5951 301.200 039.100
2019-10-30T13:12:13.761 067.7019 038.5587 301.200 039.000
2019-10-30T13:12:15.761 067.8212 038.5222 301.200 038.900
2019-10-30T13:12:17.761 067.7825 038.4576 301.300 038.900
2019-10-30T13:12:19.761 067.6703 038.5059 301.300 039.000
2019-10-30T13:12:21.761 067.5580 038.5542 301.300 039.100
2019-10-30T13:12:23.761 067.4455 038.6022 301.300 039.200
2019-10-30T13:12:25.761 067.3329 038.6502 301.300 039.300
2019-10-30T13:12:27.761 067.2200 038.6980 301.300 039.400
2019-10-30T13:12:29.761 067.1071 038.7457 301.300 039.500
2019-10-30T13:12:31.761 066.9939 038.7933 301.300 039.600
2019-10-30T13:12:33.761 066.8806 038.8408 301.300 039.700
2019-10-30T13:12:35.761 066.7672 038.8881 301.300 039.800
2019-10-30T13:12:37.761 066.6536 038.9353 301.300 039.900
2019-10-30T13:12:39.761 066.5398 038.9824 301.300 040.000
2019-10-30T13:12:41.761 066.4258 039.0294 301.300 040.100
2019-10-30T13:12:43.761 066.3117 039.0762 301.300 040.200
2019-10-30T13:12:45.761 066.1975 039.1229 301.300 040.300
2019-10-30T13:12:47.761 066.0830 039.1694 301.300 040.400
2019-10-30T13:12:49.761 065.9684 039.2159 301.300 040.500
2019-10-30T13:12:51.761 065.8537 039.2622 301.300 040.600
2019-10-30T13:12:53.761 065.7388 039.3084 301.300 040.700
2019-10-30T13:12:55.761 065.6237 039.3544 301.300 040.800
2019-10-30T13:12:57.761 065.5084 039.4003 301.300 040.900
2019-10-30T13:12:59.761 065.3930 039.4461 301.300 041.000
2019-10-30T13:13:01.761 065.2775 039.4918 301.300 041.100
2019-10-30T13:13:03.761 065.1617 039.5373 301.300 041.200
2019-10-30T13:13:05.761 065.0459 039.5827 301.300 041.300
2019-10-30T13:13:07.761 064.9298 039.6279 301.300 041.400
2019-10-30T13:13:09.761 064.8136 039.6730 301.300 041.500
2019-10-30T13:13:11.761 064.6972 039.7180 301.300 041.600
2019-10-30T13:13:13.761 064.5807 039.7629 301.300 041.700
2019-10-30T13:13:15.761 064.4640 039.8076 301.300 041.800
2019-10-30T13:13:17.761 064.3471 039.8522 301.300 041.900
2019-10-30T13:13:19.761 064.2301 039.8966 301.300 042.000
2019-10-30T13:13:21.761 064.1129 039.9410 301.300 042.100
2019-10-30T13:13:23.761 064.0787 039.8782 301.400 042.100
2019-10-30T13:13:25.761 064.2020 039.8453 301.400 042.000
2019-10-30T13:13:27.761 064.3251 039.8123 301.400 041.900
2019-10-30T13:13:29.761 064.4482 039.7791 301.400 041.800
2019-10-30T13:13:31.761 064.5711 039.7458 301.400 041.700
2019-10-30T13:13:33.761 064.6939 039.7125 301.400 041.600
2019-10-30T13:13:35.521 064.8166 039.6790 301.400 041.500
2019-10-30T13:13:37.521 064.9389 039.6447 301.400 041.400
2019-10-30T13:13:39.521 065.0614 039.6110 301.400 041.300
2019-10-30T13:13:41.521 065.1837 039.5772 301.400 041.200
2019-10-30T13:13:43.521 065.3060 039.5432 301.400 041.100
2019-10-30T13:13:45.521 065.4282 039.5092 301.400 041.000
2019-10-30T13:13:47.521 065.5502 039.4750 301.400 040.900
2019-10-30T13:13:49.521 065.6722 039.4408 301.400 040.800
2019-10-30T13:13:51.521 065.7940 039.4064 301.400 040.700
2019-10-30T13:13:53.521 065.9157 039.3719 301.400 040.600
2019-10-30T13:13:55.521 066.0373 039.3374 301.400 040.500
2019-10-30T13:13:57.521 066.1588 039.3027 301.400 040.400
2019-10-30T13:13:59.521 066.2802 039.2679 301.400 040.300
2019-10-30T13:14:01.521 066.4015 039.2329 301.400 040.200
2019-10-30T13:14:03.521 066.5227 039.1979 301.400 040.100
2019-10-30T13:14:05.521 066.6437 039.1628 301.400 040.000
2019-10-30T13:14:07.521 066.7647 039.1276 301.400 039.900
2019-10-30T13:14:09.521 066.8855 039.0922 301.400 039.800
2019-10-30T13:14:11.521 067.0062 039.0568 301.400 039.700
2019-10-30T13:14:13.521 067.1268 039.0212 301.400 039.600
2019-10-30T13:14:15.521 067.2473 038.9855 301.400 039.500
2019-10-30T13:14:17.521 067.3677 038.9498 301.400 039.400
2019-10-30T13:14:19.521 067.4879 038.9139 301.400 039.300
2019-10-30T13:14:21.521 067.6081 038.8779 301.400 039.200
2019-10-30T13:14:23.521 067.7281 038.8418 301.400 039.100
2019-10-30T13:14:25.521 067.8481 038.8056 301.400 039.000
2019-10-30T13:14:27.521 067.9679 038.7693 301.400 038.900
2019-10-30T13:14:29.521 067.9292 038.7047 301.500 038.900
2019-10-30T13:14:31.521 067.8165 038.7528 301.500 039.000
2019-10-30T13:14:33.521 067.7037 038.8008 301.500 039.100
2019-10-30T13:14:35.521 067.5906 038.8487 301.500 039.200
2019-10-30T13:14:37.521 067.4775 038.8965 301.500 039.300
2019-10-30T13:14:39.521 067.3641 038.9441 301.500 039.400
2019-10-30T13:14:41.521 067.2506 038.9916 301.500 039.500
2019-10-30T13:14:43.521 067.1369 039.0390 301.500 039.600
2019-10-30T13:14:45.521 067.0231 039.0862 301.500 039.700
2019-10-30T13:14:47.521 066.9091 039.1334 301.500 039.800
2019-10-30T13:14:49.521 066.7949 039.1803 301.500 039.900
2019-10-30T13:14:51.521 066.6806 039.2272 301.500 040.000
2019-10-30T13:14:53.521 066.5661 039.2740 301.500 040.100
2019-10-30T13:14:55.521 066.4515 039.3206 301.500 040.200
2019-10-30T13:14:57.521 066.3367 039.3670 301.500 040.300
2019-10-30T13:14:59.521 066.2217 039.4134 301.500 040.400
2019-10-30T13:15:01.281 066.1066 039.4596 301.500 040.500
2019-10-30T13:15:03.281 065.9909 039.5050 301.500 040.600
2019-10-30T13:15:05.281 065.8754 039.5510 301.500 040.700
2019-10-30T13:15:07.281 065.7598 039.5968 301.500 040.800
2019-10-30T13:15:09.281 065.6440 039.6425 301.500 040.900
2019-10-30T13:15:11.281 065.5280 039.6880 301.500 041.000
2019-10-30T13:15:13.281 065.4119 039.7335 301.500 041.100
2019-10-30T13:15:15.281 065.2956 039.7788 301.500 041.200
2019-10-30T13:15:17.281 065.1792 039.8239 301.500 041.300
2019-10-30T13:15:19.281 065.0626 039.8690 301.500 041.400
2019-10-30T13:15:21.281 064.9458 039.9138 301.500 041.500
2019-10-30T13:15:23.281 064.8289 039.9586 301.500 041.600
2019-10-30T13:15:25.281 064.7118 040.0032 301.500 041.700
2019-10-30T13:15:27.281 064.5945 040.0477 301.500 041.800
2019-10-30T13:15:29.281 064.4771 040.0921 301.500 041.900
2019-10-30T13:15:31.281 064.3595 040.1363 301.500 042.000
2019-10-30T13:15:33.281 064.2417 040.1804 301.500 042.100
2019-10-30T13:15:35.281 064.2076 040.1175 301.600 042.100
2019-10-30T13:15:37.281 064.3314 040.0849 301.600 042.000
2019-10-30T13:15:39.281 064.4551 040.0521 301.600 041.900
2019-10-30T13:15:41.281 064.5787 040.0192 301.600 041.800
2019-10-30T13:15:43.281 064.7022 039.9862 301.600 041.700
2019-10-30T13:15:45.281 064.8256 039.9530 301.600 041.600
2019-10-30T13:15:47.281 064.9488 039.9198 301.600 041.500
2019-10-30T13:15:49.281 065.0720 039.8864 301.600 041.400
2019-10-30T13:15:51.281 065.1950 039.8530 301.600 041.300
2019-10-30T13:15:53.281 065.3180 039.8194 301.600 041.200
2019-10-30T13:15:55.281 065.4408 039.7857 301.600 041.100
2019-10-30T13:15:57.281 065.5635 039.7519 301.600 041.000
2019-10-30T13:15:59.281 065.6861 039.7180 301.600 040.900
2019-10-30T13:16:01.281 065.8085 039.6840 301.600 040.800
2019-10-30T13:16:03.281 065.9309 039.6498 301.600 040.700
2019-10-30T13:16:05.281 066.0532 039.6156 301.600 040.600
2019-10-30T13:16:07.281 066.1753 039.5812 301.600 040.500
2019-10-30T13:16:09.281 066.2974 039.5468 301.600 040.400
2019-10-30T13:16:11.281 066.4193 039.5122 301.600 040.300
2019-10-30T13:16:13.281 066.5411 039.4775 301.600 040.200
2019-10-30T13:16:15.281 066.6628 039.4427 301.600 040.100
2019-10-30T13:16:17.281 066.7844 039.4078 301.600 040.000
2019-10-30T13:16:19.281 066.9058 039.3728 301.600 039.900
2019-10-30T13:16:21.281 067.0272 039.3377 301.600 039.800
2019-10-30T13:16:23.281 067.1485 039.3024 301.600 039.700
2019-10-30T13:16:25.281 067.2696 039.2671 301.600 039.600
2019-10-30T13:16:27.041 067.3906 039.2317 301.600 039.500
2019-10-30T13:16:29.041 067.5111 039.1954 301.600 039.400
2019-10-30T13:16:31.041 067.6319 039.1597 301.600 039.300
2019-10-30T13:16:33.041 067.7526 039.1240 301.600 039.200
2019-10-30T13:16:35.041 067.8731 039.0881 301.600 039.100
2019-10-30T13:16:37.041 067.9936 039.0521 301.600 039.000
2019-10-30T13:16:39.041 068.1139 039.0160 301.600 038.900
2019-10-30T13:16:41.041 068.0753 038.9513 301.700 038.900
2019-10-30T13:16:43.041 067.9621 038.9992 301.700 039.000
2019-10-30T13:16:45.041 067.8487 039.0470 301.700 039.100
2019-10-30T13:16:47.041 067.7351 039.0947 301.700 039.200
2019-10-30T13:16:49.041 067.6214 039.1423 301.700 039.300
2019-10-30T13:16:51.041 067.5075 039.1897 301.700 039.400
2019-10-30T13:16:53.041 067.3935 039.2370 301.700 039.500
2019-10-30T13:16:55.041 067.2793 039.2842 301.700 039.600
2019-10-30T13:16:57.041 067.1649 039.3312 301.700 039.700
2019-10-30T13:16:59.041 067.0504 039.3781 301.700 039.800
2019-10-30T13:17:01.041 066.9357 039.4249 301.700 039.900
2019-10-30T13:17:03.041 066.8208 039.4716 301.700 040.000
2019-10-30T13:17:05.041 066.7058 039.5181 301.700 040.100
2019-10-30T13:17:07.041 066.5906 039.5645 301.700 040.200
2019-10-30T13:17:09.041 066.4752 039.6108 301.700 040.300
2019-10-30T13:17:11.041 066.3597 039.6569 301.700 040.400
2019-10-30T13:17:13.041 066.2440 039.7029 301.700 040.500
2019-10-30T13:17:15.041 066.1282 039.7488 301.700 040.600
2019-10-30T13:17:17.041 066.0121 039.7945 301.700 040.700
2019-10-30T13:17:19.041 065.8960 039.8401 301.700 040.800
2019-10-30T13:17:21.041 065.7796 039.8856 301.700 040.900
2019-10-30T13:17:23.041 065.6631 039.9309 301.700 041.000
2019-10-30T13:17:25.041 065.5464 039.9761 301.700 041.100
2019-10-30T13:17:27.041 065.4296 040.0212 301.700 041.200
2019-10-30T13:17:29.041 065.3126 040.0661 301.700 041.300
2019-10-30T13:17:31.041 065.1954 040.1109 301.700 041.400
2019-10-30T13:17:33.041 065.0781 040.1556 301.700 041.500
2019-10-30T13:17:35.041 064.9605 040.2001 301.700 041.600
2019-10-30T13:17:37.041 064.8429 040.2445 301.700 041.700
2019-10-30T13:17:39.041 064.7251 040.2888 301.700 041.800
2019-10-30T13:17:41.041 064.6071 040.3329 301.700 041.900
2019-10-30T13:17:43.041 064.4889 040.3769 301.700 042.000
2019-10-30T13:17:45.041 064.3706 040.4207 301.700 042.100
2019-10-30T13:17:47.041 064.3366 040.3578 301.800 042.100
2019-10-30T13:17:49.041 064.4609 040.3254 301.800 042.000
2019-10-30T13:17:51.041 064.5852 040.2929 301.800 041.900
2019-10-30T13:17:52.802 064.7093 040.2602 301.800 041.800
2019-10-30T13:17:54.802 064.8330 040.2267 301.800 041.700
2019-10-30T13:17:56.802 064.9569 040.1939 301.800 041.600
2019-10-30T13:17:58.802 065.0807 040.1609 301.800 041.500
2019-10-30T13:18:00.802 065.2044 040.1277 301.800 041.400
2019-10-30T13:18:02.802 065.3280 040.0945 301.800 041.300
2019-10-30T13:18:04.802 065.4515 040.0612 301.800 041.200
2019-10-30T13:18:06.802 065.5748 040.0277 301.800 041.100
2019-10-30T13:18:08.802 065.6981 039.9942 301.800 041.000
2019-10-30T13:18:10.802 065.8212 039.9605 301.800 040.900
2019-10-30T13:18:12.802 065.9442 039.9267 301.800 040.800
2019-10-30T13:18:14.802 066.0671 039.8928 301.800 040.700
2019-10-30T13:18:16.802 066.1899 039.8588 301.800 040.600
2019-10-30T13:18:18.802 066.3126 039.8247 301.800 040.500
2019-10-30T13:18:20.802 066.4352 039.7904 301.800 040.400
2019-10-30T13:18:22.802 066.5577 039.7561 301.800 040.300
2019-10-30T13:18:24.802 066.6800 039.7216 301.800 040.200
2019-10-30T13:18:26.802 066.8022 039.6870 301.800 040.100
2019-10-30T13:18:28.802 066.9244 039.6524 301.800 040.000
2019-10-30T13:18:30.802 067.0464 039.6176 301.800 039.900
2019-10-30T13:18:32.802 067.1683 039.5827 301.800 039.800
2019-10-30T13:18:34.802 067.2901 039.5477 301.800 039.700
2019-10-30T13:18:36.802 067.4117 039.5125 301.800 039.600
2019-10-30T13:18:38.802 067.5333 039.4773 301.800 039.500
2019-10-30T13:18:40.802 067.6547 039.4420 301.800 039.400
2019-10-30T13:18:42.802 067.7760 039.4065 301.800 039.300
2019-10-30T13:18:44.802 067.8973 039.3710 301.800 039.200
2019-10-30T13:18:46.802 068.0183 039.3353 301.800 039.100
2019-10-30T13:18:48.802 068.1393 039.2995 301.800 039.000
2019-10-30T13:18:50.802 068.2602 039.2636 301.800 038.900
2019-10-30T13:18:52.802 068.2216 039.1989 301.900 038.900
2019-10-30T13:18:54.802 068.1079 039.2466 301.900 039.000
2019-10-30T13:18:56.802 067.9939 039.2942 301.900 039.100
2019-10-30T13:18:58.802 067.8798 039.3417 301.900 039.200
2019-10-30T13:19:00.802 067.7656 039.3891 301.900 039.300
2019-10-30T13:19:02.802 067.6512 039.4363 301.900 039.400
2019-10-30T13:19:04.802 067.5366 039.4834 301.900 039.500
2019-10-30T13:19:06.802 067.4218 039.5303 301.900 039.600
2019-10-30T13:19:08.802 067.3069 039.5772 301.900 039.700
2019-10-30T13:19:10.802 067.1918 039.6239 301.900 039.800
2019-10-30T13:19:12.802 067.0766 039.6705 301.900 039.900
2019-10-30T13:19:14.802 066.9611 039.7169 301.900 040.000
2019-10-30T13:19:16.802 066.8456 039.7632 301.900 040.100
2019-10-30T13:19:18.562 066.7298 039.8094 301.900 040.200
2019-10-30T13:19:20.562 066.6135 039.8548 301.900 040.300
2019-10-30T13:19:22.562 066.4974 039.9007 301.900 040.400
2019-10-30T13:19:24.562 066.3812 039.9465 301.900 040.500
2019-10-30T13:19:26.562 066.2648 039.9921 301.900 040.600
2019-10-30T13:19:28.562 066.1482 040.0376 301.900 040.700
2019-10-30T13:19:30.562 066.0314 040.0830 301.900 040.800
2019-10-30T13:19:32.562 065.9145 040.1283 301.900 040.900
2019-10-30T13:19:34.562 065.7975 040.1734 301.900 041.000
2019-10-30T13:19:36.562 065.6802 040.2184 301.900 041.100
2019-10-30T13:19:38.562 065.5628 040.2632 301.900 041.200
2019-10-30T13:19:40.562 065.4452 040.3079 301.900 041.300
2019-10-30T13:19:42.562 065.3275 040.3525 301.900 041.400
2019-10-30T13:19:44.562 065.2096 040.3969 301.900 041.500
2019-10-30T13:19:46.562 065.0915 040.4412 301.900 041.600
2019-10-30T13:19:48.562 064.9733 040.4854 301.900 041.700
2019-10-30T13:19:50.562 064.8549 040.5294 301.900 041.800
2019-10-30T13:19:52.562 064.7363 040.5733 301.900 041.900
2019-10-30T13:19:54.562 064.6176 040.6170 301.900 042.000
2019-10-30T13:19:56.562 064.4987 040.6606 301.900 042.100
2019-10-30T13:19:58.562 064.4647 040.5977 302.000 042.100
2019-10-30T13:20:00.562 064.5897 040.5655 302.000 042.000
2019-10-30T13:20:02.562 064.7145 040.5332 302.000 041.900
2019-10-30T13:20:04.562 064.8392 040.5008 302.000 041.800
2019-10-30T13:20:06.562 064.9638 040.4683 302.000 041.700
2019-10-30T13:20:08.562 065.0882 040.4356 302.000 041.600
2019-10-30T13:20:10.562 065.2126 040.4029 302.000 041.500
2019-10-30T13:20:12.562 065.3369 040.3700 302.000 041.400
2019-10-30T13:20:14.562 065.4610 040.3370 302.000 041.300
2019-10-30T13:20:16.562 065.5850 040.3039 302.000 041.200
2019-10-30T13:20:18.562 065.7089 040.2707 302.000 041.100
2019-10-30T13:20:20.562 065.8327 040.2374 302.000 041.000
2019-10-30T13:20:22.562 065.9564 040.2039 302.000 040.900
2019-10-30T13:20:24.562 066.0800 040.1704 302.000 040.800
2019-10-30T13:20:26.562 066.2035 040.1367 302.000 040.700
2019-10-30T13:20:28.562 066.3268 040.1029 302.000 040.600
2019-10-30T13:20:30.562 066.4500 040.0690 302.000 040.500
2019-10-30T13:20:32.562 066.5732 040.0350 302.000 040.400
2019-10-30T13:20:34.562 066.6962 040.0009 302.000 040.300
2019-10-30T13:20:36.562 066.8191 039.9667 302.000 040.200
2019-10-30T13:20:38.562 066.9418 039.9323 302.000 040.100
2019-10-30T13:20:40.562 067.0645 039.8979 302.000 040.000
2019-10-30T13:20:42.562 067.1871 039.8633 302.000 039.900
2019-10-30T13:20:44.322 067.3095 039.8286 302.000 039.800
2019-10-30T13:20:46.322 067.4314 039.7931 302.000 039.700
2019-10-30T13:20:48.322 067.5536 039.7582 302.000 039.600
2019-10-30T13:20:50.322 067.6757 039.7232 302.000 039.500
2019-10-30T13:20:52.322 067.7977 039.6881 302.000 039.400
2019-10-30T13:20:54.322 067.9196 039.6529 302.000 039.300
2019-10-30T13:20:56.322 068.0413 039.6175 302.000 039.200
2019-10-30T13:20:58.322 068.1629 039.5821 302.000 039.100
2019-10-30T13:21:00.322 068.2844 039.5465 302.000 039.000
2019-10-30T13:21:02.322 068.4058 039.5108 302.000 038.900
2019-10-30T13:21:04.322 068.3673 039.4460 302.100 038.900
2019-10-30T13:21:06.322 068.2530 039.4935 302.100 039.000
2019-10-30T13:21:08.322 068.1386 039.5409 302.100 039.100
2019-10-30T13:21:10.322 068.0239 039.5882 302.100 039.200
2019-10-30T13:21:12.322 067.9091 039.6354 302.100 039.300
2019-10-30T13:21:14.322 067.7941 039.6824 302.100 039.400
2019-10-30T13:21:16.322 067.6790 039.7293 302.100 039.500
2019-10-30T13:21:18.322 067.5637 039.7761 302.100 039.600
2019-10-30T13:21:20.322 067.4482 039.8227 302.100 039.700
2019-10-30T13:21:22.322 067.3326 039.8692 302.100 039.800
2019-10-30T13:21:24.322 067.2168 039.9156 302.100 039.900
2019-10-30T13:21:26.322 067.1008 039.9618 302.100 040.000
2019-10-30T13:21:28.322 066.9847 040.0079 302.100 040.100
2019-10-30T13:21:30.322 066.8684 040.0539 302.100 040.200
2019-10-30T13:21:32.322 066.7519 040.0997 302.100 040.300
2019-10-30T13:21:34.322 066.6353 040.1454 302.100 040.400
2019-10-30T13:21:36.322 066.5184 040.1910 302.100 040.500
2019-10-30T13:21:38.322 066.4015 040.2364 302.100 040.600
2019-10-30T13:21:40.322 066.2843 040.2817 302.100 040.700
2019-10-30T13:21:42.322 066.1670 040.3269 302.100 040.800
2019-10-30T13:21:44.322 066.0495 040.3719 302.100 040.900
2019-10-30T13:21:46.322 065.9319 040.4168 302.100 041.000
2019-10-30T13:21:48.322 065.8141 040.4616 302.100 041.100
2019-10-30T13:21:50.322 065.6961 040.5062 302.100 041.200
2019-10-30T13:21:52.322 065.5779 040.5506 302.100 041.300
2019-10-30T13:21:54.322 065.4596 040.5950 302.100 041.400
2019-10-30T13:21:56.322 065.3411 040.6392 302.100 041.500
2019-10-30T13:21:58.322 065.2225 040.6833 302.100 041.600
2019-10-30T13:22:00.322 065.1037 040.7272 302.100 041.700
2019-10-30T13:22:02.322 064.9847 040.7710 302.100 041.800
2019-10-30T13:22:04.322 064.8655 040.8146 302.100 041.900
2019-10-30T13:22:06.322 064.7462 040.8581 302.100 042.000
2019-10-30T13:22:08.322 064.6267 040.9015 302.100 042.100
