!!     AKIVA      2      10      21      11     0    6.6670154e-09    6.1660422e+00    0.000298
!!  ALLINITU      4      12      29      18     0    3.3843223e-08    5.7443849e+00    0.000246
!!   ARGLINA    200       1       0       2     0    4.1744386e-14    2.0000000e+02    0.000207
!!   ARGLINB    200       5      13      13     0    8.3382474e-09    9.9625468e+01    0.004741
!!   ARWHEAD   5000       7      15       8     0    9.9095255e-07    0.0000000e+00    0.007719
!!      BARD      3      16      33      17     0    3.4949567e-09    8.2148773e-03    0.000266
!!   BDQRTIC   5000     127     266     225     0    5.9239600e-07    2.0006257e+04    0.208351
!!     BEALE      2      15      31      16     0    4.4989214e-08    2.7264213e-15    0.000243
!!    BIGGS6      6      27      57      31     0    2.5135430e-08    5.6556498e-03    0.000560
!!       BOX  10000       8      26      20     0    1.8044122e-07   -1.8645379e+03    0.030107
!!      BOX3      3      11      24      13     0    7.5844458e-07    3.8194901e-13    0.000227
!!  BOXPOWER  20000      23      62      42     0    6.5479349e-08    2.5976585e-10    0.053338
!!    BRKMCC      2       5      11       6     0    6.2205812e-08    1.6904268e-01    0.000075
!!   BROWNAL    200       9      26      20     0    3.2531386e-09    3.0567330e-19    0.004110
!!   BROWNBS      2      13      26      15     0    0.0000000e+00    0.0000000e+00    0.000233
!!  BROWNDEN      4      16      31      19     0    6.2987965e-08    8.5822201e+04    0.000313
!!  BROYDN7D   5000    1416    2821    1433     0    9.6917232e-07    2.0157030e+03    3.513105
!!    BRYBND   5000      85     174      90     0    4.9700606e-07    2.5588894e-14    0.117493
!!  CHAINWOO   4000     311     605     370     0    6.3995774e-07    4.5727672e+00    0.302305
!!  CHNROSNB     50     287     566     297     0    7.4547674e-07    9.0756918e-14    0.006917
!!  CHNRSNBM     50     263     526     265     0    6.9989896e-07    6.9774530e-14    0.006526
!!     CLIFF      2      14      67      52     0    9.3484372e-07    1.9978662e-01    0.000503
!!    COSINE  10000       8      33      29     0    2.4434678e-07   -9.9990000e+03    0.055554
!!  CRAGGLVY   5000     103     197     147     0    9.7045782e-07    1.6882153e+03    0.210026
!!      CUBE      2      31      75      46     0    9.7031464e-08    2.6217214e-18    0.000468
!!   CURLY10  10000   47765   67245   76076     0    9.9920214e-07   -1.0031629e+06   56.015875
!!   CURLY20  10000   64713   87385  106792     0    9.8237484e-07   -1.0031629e+06  113.282430
!!   CURLY30  10000   79129  102632  134897     0    9.8610585e-07   -1.0031629e+06  187.320157
!!   DECONVU     61     475     951     476     0    9.3813957e-07    1.1851546e-08    0.016629
!!  DENSCHNA      2       9      19      10     0    3.5273288e-08    3.1668570e-16    0.000152
!!  DENSCHNB      2       7      15       8     0    1.0342574e-08    3.6407413e-17    0.000126
!!  DENSCHNC      2      12      26      14     0    3.2760930e-09    3.2531884e-19    0.000197
!!  DENSCHND      3      43      89      46     0    1.9002489e-07    6.1976908e-10    0.000614
!!  DENSCHNE      3      18      49      32     0    5.7637592e-09    1.4705557e-17    0.000360
!!  DENSCHNF      2       8      17       9     0    6.4551431e-07    2.1261987e-15    0.000148
!!  DIXMAANA   3000       7      15       8     0    4.8347398e-12    1.0000000e+00    0.002622
!!  DIXMAANB   3000       6      13       7     0    8.9774747e-08    1.0000000e+00    0.002341
!!  DIXMAANC   3000       6      13       7     0    7.0332716e-07    1.0000000e+00    0.002370
!!  DIXMAAND   3000       7      15       8     0    7.3560463e-07    1.0000000e+00    0.002704
!!  DIXMAANE   3000     222     239     429     0    9.8403702e-07    1.0000000e+00    0.111947
!!  DIXMAANF   3000     161     323     162     0    8.8563541e-07    1.0000000e+00    0.058079
!!  DIXMAANG   3000     157     315     158     0    9.4422354e-07    1.0000000e+00    0.056361
!!  DIXMAANH   3000     173     347     174     0    9.9204220e-07    1.0000000e+00    0.062398
!!  DIXMAANI   3000    3786    3856    7504     0    9.3796649e-07    1.0000001e+00    1.634105
!!  DIXMAANJ   3000     327     655     328     0    9.8657679e-07    1.0000002e+00    0.114294
!!  DIXMAANK     15      43      87      44     0    7.8459063e-07    1.0000000e+00    0.000732
!!  DIXMAANL   3000     237     475     238     0    9.6692915e-07    1.0000002e+00    0.085981
!!  DIXMAANM     15      44      74      60     0    1.4267815e-11    1.0000000e+00    0.000748
!!  DIXMAANN     15      65     131      66     0    8.4234942e-07    1.0000000e+00    0.001083
!!  DIXMAANO     15      61     123      62     0    9.7189849e-07    1.0000000e+00    0.001003
!!  DIXMAANP     15      46      93      47     0    7.5747555e-07    1.0000000e+00    0.000811
!!  DIXON3DQ  10000   10000       0   10001     0    5.5136096e-11    4.9626644e-16    4.333238
!!      DJTL      2     140    1485    1413     0    7.6063665e-08   -8.9515447e+03    0.009585
!!   DQDRTIC   5000       5       0       6     0    1.9388047e-11   -4.8779025e-10    0.002012
!!    DQRTIC   5000      17      37      21     0    7.0514220e-07    2.7590839e-06    0.008231
!!   EDENSCH   2000      26      52      38     0    7.3156958e-07    1.2003285e+04    0.014538
!!       EG2   1000       5      11       6     0    1.2434529e-08   -9.9894739e+02    0.001633
!!  EIGENALS   2550   10179   17865   12687     0    9.5285804e-07    6.6485400e-11   63.772124
!!  EIGENBLS   2550   21793   43587   21794     0    9.6810915e-07    3.5653865e-09  112.018785
!!  EIGENCLS   2652   10063   19269   10922     0    8.6152980e-07    2.9002475e-11   60.762525
!!   ENGVAL1   5000      27      50      36     0    9.1453456e-07    5.5486684e+03    0.028548
!!   ENGVAL2      3      29      65      37     0    2.5912349e-08    1.5188644e-19    0.000471
!!  ERRINROS     50   10398   20586   12622     0    6.4284455e-07    3.9904154e+01    0.282754
!!  ERRINRSM     50     313     651     395     0    7.4564399e-07    3.7729903e+01    0.008679
!!    EXPFIT      2      13      29      16     0    4.2083119e-07    2.4051059e-01    0.000238
!!  EXTROSNB   1000    3521    7183    3696     0    9.0799035e-07    3.3403505e-07    0.589827
!!  FLETBV3M   5000      19      42      26     0    2.1377131e-08   -2.5056463e+05    0.045535
!!  FLETCBV2   5000       0       1       1     0    7.9960014e-08   -5.0026817e-01    0.000967
!!  FLETCHCR   1000     152     290     176     0    5.8328755e-07    7.1290782e-15    0.030586
!!  FMINSRF2   5625     346     693     347     0    9.4412169e-07    1.0000241e+00    0.439535
!!  FMINSURF   5625     473     947     474     0    9.7700380e-07    1.0000000e+00    0.539758
!!  FREUROTH   5000      25      50      36     0    3.3337241e-07    6.0815919e+05    0.040308
!!  GENHUMPS   5000    6377   12800    6430     0    1.0682115e-07    7.1074621e-14    9.814111
!!   GENROSE    500    1078    2167    1101     0    6.6365741e-07    1.0000000e+00    0.106339
!!  GROWTHLS      3     149     415     287     0    3.8807002e-10    1.0040406e+00    0.003832
!!      GULF      3      37      92      55     0    3.8480274e-08    7.6878307e-15    0.004950
!!     HAIRY      2      34      95      64     0    8.2381175e-09    2.0000000e+01    0.000724
!!   HATFLDD      3      20      43      24     0    1.9359497e-07    2.5471486e-07    0.000369
!!   HATFLDE      3      30      72      45     0    1.0667080e-07    5.1203781e-07    0.000739
!!  HATFLDFL      3      39      96      59     0    7.0419998e-07    6.3200994e-05    0.000585
!!  HEART6LS      6     668    1540     917     0    3.5183941e-08    9.3366316e-14    0.010546
!!  HEART8LS      8     248     522     279     0    8.0619824e-08    4.2784079e-17    0.003337
!!     HELIX      3      23      49      27     0    3.1346301e-07    1.6037621e-15    0.000357
!!    HIELOW      3      14      30      16     0    4.4008730e-07    8.7416543e+02    0.021981
!!  HILBERTA      2       2       0       3     0    2.2065683e-14    1.3183898e-16    0.000030
!!  HILBERTB     10       4       0       5     0    2.2720367e-09    1.9755976e-14    0.000054
!!  HIMMELBB      2      10      28      21     0    2.3749514e-07    9.2954871e-13    0.000252
!!  HIMMELBF      4      26      60      36     0    3.7446603e-07    3.1857175e+02    0.000525
!!  HIMMELBG      2       8      20      13     0    5.5176444e-07    3.1734764e-14    0.000261
!!  HIMMELBH      2       7      16       9     0    2.9620306e-11   -1.0000000e+00    0.000147
!!     HUMPS      2      39     117      87     0    3.5974508e-07    1.0268798e-12    0.000662
!!    INDEFM 100000     141     377     293     0    7.1171913e-07   -1.0035277e+07    7.020140
!!    JENSMP      2      15      33      22     0    5.3069016e-10    1.2436218e+02    0.000324
!!    JIMACK   3549    8325   16651    8326     0    9.8097418e-07    8.6679330e-01  368.936827
!!    KOWOSB      4      17      39      23     0    3.7035629e-07    3.0780095e-04    0.000302
!!   LIARWHD   5000      20      43      24     0    7.9997786e-11    1.2181156e-25    0.017651
!!  LOGHAIRY      2      36     101      69     0    7.4161314e-08    1.8232156e-01    0.000676
!!   MANCINO    100      11      23      12     0    7.2392005e-08    9.2313203e-21    0.053992
!!  MARATOSB      2    1105    3543    2693     0    1.0299526e-08   -1.0000001e+00    0.019296
!!    MEXHAT      2      20      56      39     0    7.0787821e-09   -4.0010000e-02    0.000493
!!    MOREBV   5000     161     168     317     0    9.9408232e-07    1.0864330e-10    0.176523
!!  MSQRTALS   1024    2905    5815    2911     0    7.8430084e-07    6.9944667e-10    3.081470
!!  MSQRTBLS   1024    2411    4452    2792     0    9.6910611e-07    1.5753939e-10    3.070637
!!     NCB20   5010    3559    6905    4375     0    9.7546426e-07   -1.1183484e+03   14.386709
!!    NCB20B   5000    2901    4652    5932     0    9.7406314e-07    7.3513006e+03   17.776147
!!  NONCVXU2   5000    7133   13399    8002     0    9.7222531e-07    1.1585151e+04    8.454825
!!    NONDIA   5000       7      25      20     0    1.1105414e-09    6.1749019e-25    0.011995
!!  NONDQUAR   5000    2361    4727    2368     0    7.4043769e-07    3.0786466e-06    1.111544
!!  OSBORNEA      5      95     222     134     0    4.0791063e-07    5.4648947e-05    0.002663
!!  OSBORNEB     11      62     127      65     0    4.3772597e-07    4.0137736e-02    0.003149
!!  OSCIGRAD 100000      86     166      96     0    6.7590378e-07    4.5410718e-20    1.764182
!!  OSCIPATH     10  310629  667085  363660     0    9.8090791e-07    2.3151799e-05    3.546602
!!  PALMER1C      8      16       0      19     0    2.4244819e-09    9.7604956e-02    0.000196
!!  PALMER1D      7       8       0      10     0    1.9908839e-09    6.5267393e-01    0.000102
!!  PALMER2C      8      16       0      19     0    3.4370657e-09    1.4368901e-02    0.000189
!!  PALMER3C      8       9       0      11     0    2.6737155e-09    1.9537629e-02    0.000131
!!  PALMER4C      8      10       0      13     0    1.0183288e-14    5.0310635e-02    0.000135
!!  PALMER5C      6       6      13       7     0    3.7526926e-12    2.1280866e+00    0.000145
!!  PALMER6C      8      11      24      24     0    3.2098588e-08    1.6387438e-02    0.000236
!!  PALMER7C      8      11      20      20     0    4.0473345e-08    6.0198720e-01    0.000218
!!  PALMER8C      8      11      18      17     0    8.7351837e-10    1.5976783e-01    0.000203
!!    PARKCH     15     757    1514    1376     0    7.8208286e-07    1.6237433e+03   15.804707
!!  PENALTY1   1000      27      67      44     0    7.5796839e-07    9.6861796e-03    0.003586
!!  PENALTY2    200     191     221     354     0    9.3555284e-07    4.7116277e+13    0.029082
!!  PENALTY3    200      94     270     204     0    6.4259864e-07    1.0002384e-03    0.593253
!!  POWELLSG   5000      26      53      27     0    1.2018764e-07    8.6643645e-12    0.010402
!!     POWER  10000     374     751     378     0    9.7841217e-07    1.8726907e-09    0.218239
!!    QUARTC   5000      17      37      21     0    7.0514220e-07    2.7590839e-06    0.008216
!!   ROSENBR      2      33      76      45     0    3.6716479e-09    8.8085204e-21    0.000500
!!      S308      2       8      19      12     0    9.4535388e-07    7.7319906e-01    0.000164
!!  SCHMVETT   5000      43      73      60     0    6.4347042e-07   -1.4994000e+04    0.116988
!!   SENSORS    100      21      50      34     0    3.7911776e-08   -2.1017812e+03    0.152506
!!   SINEVAL      2      59     141      88     0    1.2414829e-12    2.5844564e-27    0.000853
!!   SINQUAD   5000      15      38      28     0    1.2089231e-07   -6.7570138e+06    0.035140
!!    SISSER      2       6      18      14     0    2.2204721e-08    6.8302615e-12    0.000171
!!     SNAIL      2      91     215     128     0    3.4222794e-08    2.9952183e-16    0.001255
!!  SPARSINE   5000   26236   26525   52187     0    9.6268037e-07    1.4968851e-10   60.164325
!!  SPARSQUR  10000      28      61      35     0    1.1572768e-07    9.7199564e-10    0.097154
!!  SPMSRTLS   4999     203     412     210     0    9.8631945e-07    2.9572137e-11    0.242270
!!  SROSENBR   5000      11      23      12     0    4.8310200e-10    4.2391300e-19    0.005471
!!  SSBRYBND   5000   10008   16330   13733     0    8.1444945e-07    5.0723030e-15   12.344184
!!  SSCOSINE     10     116     271     160     0    4.5896652e-09   -9.0000000e+00    0.001957
!!   STRATEC     10     224     498     291     0    2.4025239e-07    2.2122623e+03    3.130834
!!  TESTQUAD   5000    1510       0    1511     0    8.4364853e-07   -2.8747040e-06    0.392403
!!  TOINTGOR     50     135     234     175     0    9.9819687e-07    1.3739055e+03    0.004117
!!  TOINTGSS   5000       4       9       5     0    2.2872519e-07    1.0002001e+01    0.004471
!!  TOINTPSP     50     143     277     186     0    7.3293636e-07    2.2556041e+02    0.003622
!!  TOINTQOR     50      29       0      30     0    4.4231462e-07    1.1754722e+03    0.000558
!!  TQUARTIC   5000      13      35      23     0    7.2978516e-08    1.0808772e-19    0.014838
!!    TRIDIA   5000     780       0     781     0    9.6986664e-07    1.6807621e-09    0.263045
!!    VARDIM    200      10      21      11     0    2.5822838e-07    4.1676169e-19    0.000351
!!  VAREIGVL     50      23      47      24     0    8.4765966e-07    3.7975332e-13    0.000712
!!  VIBRBEAM      8     164     377     259     0    1.8637526e-07    1.7488668e+00    0.008724
!!    WATSON     12      53     110      58     0    7.7563358e-07    1.5918571e-07    0.001350
!!     WOODS   4000      22      51      30     0    3.1633503e-08    1.5425051e-15    0.013033
!!     YFITU      3      75     179     110     0    5.5958745e-08    1.7197110e-11    0.001553
!!  ZANGWIL2      2       1       0       2     0    2.2204460e-16   -1.8200000e+01    0.000020
