[0;5;33;40m:[0;5;31;40m@[0;5;30;40m888[0;5;31;40m8[0;1;30;40m8[0;5;30;40m8888[0;5;31;40m8[0;1;30;40m8[0;5;30;40m88[0;1;30;40m@[0;5;31;40m8[0;1;30;40m@[0;5;30;40m8[0;31;40m8[0;5;30;40m@[0;1;30;40m@[0;5;31;40m8[0;1;30;40m@8[0;1;30;41m@[0;1;30;40m88[0;31;40m8[0;5;30;40m8[0;31;40m8[0;5;30;40m8[0;31;40m8[0;5;30;40m8[0;1;30;40m@[0;5;30;40m8[0;31;40m8[0;5;30;40m88[0;1;30;40m@[0;5;31;40m8[0;1;30;40m@[0;5;30;40m8888[0;5;31;40m8[0;1;30;40m8[0;5;31;40mX[0;5;33;40mt[0m
[0;5;31;40mX[0;5;37;40mS[0;1;30;47m [0;33;47m@[0;1;30;47m%%[0;33;47m8[0;1;30;47mX[0;33;47m8[0;1;30;47m8[0;33;47m8[0;1;30;47m8[0;33;47m8[0;1;30;47m8[0;33;47m8[0;1;30;47m8[0;37;43m8[0;1;30;47m8[0;33;47m8[0;1;30;47mX[0;1;30;43m8[0;1;30;47m8[0;5;33;40m%.[0;37;43m8[0;5;33;40m [0;33;47m8[0;5;33;40m [0;33;47m8[0;5;37;40m8[0;1;30;43m8[0;1;30;47mS[0;33;47m8[0;1;30;47mX[0;33;47m8[0;1;30;47mX[0;33;47m@[0;1;30;47mS[0;33;47m8[0;1;30;47m%[0;33;47m8[0;1;30;47mt[0;33;47m8[0;1;30;47mt[0;33;47m8[0;1;30;47m;[0;33;47mX[0;1;30;47m [0;5;33;40m8[0;5;30;40m8[0m
[0;5;31;40mX[0;1;30;47mt[0;5;37;47m%[0;1;33;47mX[0;1;37;47m8[0;1;33;47m8[0;33;47mX[0;1;33;47mX[0;1;37;47m:[0;1;33;47mS[0;1;37;47mX[0;1;33;47mX[0;1;37;47m%[0;1;33;47mX[0;1;37;47m;[0;1;33;47mX[0;1;37;47m;[0;1;33;47m8[0;1;30;47mt[0;1;33;47mX[0;1;37;47m:[0;37;43m@[0;1;33;47m@[0;1;37;47m.[0;33;47m8[0;37;43m8[0;33;47mX[0;1;37;47mS[0;33;47m8[0;1;33;47m@[0;1;30;47m;[0;33;47m88[0;1;33;47m@S[0;1;37;47m:[0;1;33;47mX%[0;1;37;47mt[0;1;33;47mX[0;1;37;47mX[0;1;33;47m@X[0;33;47mX[0;1;37;47mt[0;1;33;47mS[0;5;37;47m8[0;1;37;47m8[0;1;30;43m8[0;5;31;40mX[0m
[0;5;31;40m@[0;1;30;47m%[0;5;37;47m;[0;1;33;47mS[0;5;37;47mS[0;1;33;47m8[0;1;30;47m8[0;33;47m8[0;1;37;47mS[0;1;33;47mS[0;1;37;47m8[0;1;33;47mX[0;1;37;47m@[0;1;33;47mS[0;1;37;47m8[0;1;33;47m@S[0;1;37;47m.[0;1;33;47mS[0;1;37;47m;[0;1;33;47m@[0;33;47m8@[0;1;33;47mSS[0;1;37;47m [0;1;33;47m@S[0;33;47m8X[0;1;33;47mXS[0;1;37;47m [0;1;33;47mS[0;33;47mX[0;1;33;47mS[0;1;37;47m%[0;1;33;47mX[0;1;37;47m%[0;1;33;47mX[0;1;37;47mX[0;1;33;47mS[0;33;47m88[0;1;33;47m@[0;1;37;47m%[0;5;37;43m8[0;5;37;47m@[0;5;33;40m%[0;5;31;40m8[0m
[0;5;31;40m@[0;1;30;47m%[0;5;37;47m;[0;1;33;47mX[0;5;37;47mS[0;1;33;47m8[0;33;47m8[0;1;33;47m@[0;1;37;47m.[0;5;37;47m8[0;5;37;43m8[0;1;37;47mX[0;1;33;47mS[0;5;37;47m8[0;1;33;47m8[0;1;37;47m %[0;1;33;47mS[0;1;37;47mS[0;1;33;47m@[0;1;37;47m:[0;33;47m8[0;37;43m8[0;5;35;40m;[0;1;31;43m8[0;5;33;40m:[0;1;30;43m8[0;1;30;47m8[0;1;31;43m8[0;1;37;47m [0;1;33;47m%%%[0;1;37;47m:S[0;1;33;47m@S[0;1;37;47m;[0;1;33;47mX[0;1;37;47mS[0;5;37;43m8[0;1;37;47m [0;1;31;47m8[0;33;47m@[0;1;33;47mS[0;5;37;47m88[0;5;1;33;47m8[0;5;33;40m;[0;5;31;40m8[0m
[0;5;30;40m8[0;33;47m8[0;5;37;47mt[0;1;37;47m8[0;5;37;43m8[0;5;37;47m8[0;1;37;47m.[0;5;37;47m8[0;5;37;43m8[0;5;37;47m8[0;1;37;47mS[0;5;37;47m8[0;5;37;43m8[0;1;33;47m%[0;1;37;47m:[0;1;33;47mS[0;5;37;47m8[0;5;37;43m8[0;1;37;47m;[0;1;33;47m8[0;1;30;41mXt%X[0;5;31;40m8[0;1;30;41mXSX8[0;30;41mS[0;5;31;40m8[0;33;47m8[0;1;37;47m%[0;5;37;43m8[0;1;37;47mt%[0;1;33;47mXX[0;1;37;47m;[0;1;33;47mS[0;5;37;47m8[0;1;33;47mS[0;5;37;47m8[0;1;37;47m;[0;1;33;47m%[0;5;37;47m8[0;5;37;43m8[0;5;37;47m8[0;5;33;40m@[0;5;31;40m8[0m
[0;5;30;40m8[0;1;30;47mS[0;5;37;47mt[0;5;37;43m8[0;5;37;47m88[0;5;37;43m8[0;5;37;47m8[0;1;37;47mt[0;5;37;43m8[0;5;37;47m8[0;5;37;43m8[0;1;37;47m ;[0;5;1;37;43m8[0;1;37;47m:[0;1;33;47mS[0;5;37;47m8[0;1;33;47m8[0;30;41mS[0;1;30;41m@88[0;31;40m8[0;1;30;41m88[0;31;40m8[0;5;31;40m@[0;31;40m8[0;1;30;43mt[0;30;41mX@[0;33;47m@[0;1;37;47m@[0;5;37;43m8[0;1;37;47mt%[0;1;33;47m@X[0;1;37;47mt[0;5;37;43m8[0;5;37;47m8[0;5;37;43m8[0;5;37;47m8[0;5;37;43m8[0;5;37;47m8[0;1;37;47m:[0;5;37;47m8[0;31;43m8[0;5;31;40mX[0m
[0;5;30;40m8[0;33;47m8[0;5;37;47m@[0;1;37;47m8[0;1;33;47mS[0;5;37;47m88[0;5;37;43m8[0;5;37;47m8[0;1;37;47m;[0;1;33;47mS[0;1;37;47m:[0;1;33;47mX[0;1;37;47m .[0;5;37;43m8[0;1;37;47m [0;1;33;47m8[0;35;41mX[0;31;40m8[0;5;31;40mX[0;31;40m8[0;1;30;43mS8[0;37;43mXS[0;1;30;43mX[0;31;43m8[0;1;30;41m8[0;31;40m8[0;5;33;40m8[0;31;40m8[0;1;30;41m8[0;33;47m8[0;1;37;47mt[0;5;37;43m8[0;1;33;47m%[0;1;37;47m [0;1;33;47m8[0;1;37;47m [0;5;37;47m8[0;1;33;47m@[0;1;37;47m t[0;5;37;47m8[0;5;37;43m8[0;5;37;47m8[0;5;37;43m8[0;5;35;40mS[0;5;31;40m8[0m
[0;5;30;40m8[0;1;30;47m8[0;1;33;47mS[0;5;37;47m@[0;5;37;43m8[0;1;37;47mX[0;1;33;47mX[0;1;37;47m:[0;5;37;43m8[0;5;37;47m8[0;1;33;47m%S[0;1;37;47m.[0;5;37;43m8[0;1;37;47m [0;5;37;47m8[0;5;37;43m8[0;1;30;45m8[0;31;40m8[0;5;30;40m8[0;33;41m8[0;37;43mS[0;1;33;47m@X@88[0;37;43mS[0;31;43mS[0;1;30;41m@[0;31;40m@[0;5;31;40m@[0;31;40m@[0;5;33;40m8[0;1;37;47m;[0;1;33;47mS[0;1;37;47m [0;5;37;43m8[0;1;37;47m [0;1;33;47m@[0;1;37;47m ;[0;5;37;43m8[0;1;37;47mt[0;5;37;43m8[0;5;37;47m8[0;1;33;47mX[0;5;37;47m8[0;33;41m8[0;5;30;40mX[0m
[0;1;30;40m8[0;33;47m8[0;5;37;47m8[0;1;33;47m@[0;5;37;47m8[0;1;33;47mX[0;1;37;47m%t[0;1;33;47m%[0;1;37;47m;[0;1;33;47m%S[0;1;37;47m:[0;1;33;47mS[0;5;33;41m [0;1;37;47m8t[0;33;41m8[0;30;41m8[0;5;31;40mS[0;1;30;43m;8[0;5;31;40m@[0;1;30;43m8[0;5;37;43m@[0;1;30;43m8[0;35;41m8[0;1;30;43m8[0;1;31;43m8[0;5;33;40m8[0;30;41m8[0;5;33;40m8[0;31;40m8[0;5;33;40m8[0;1;33;47mS8[0;5;37;41m8[0;1;37;47m:[0;1;33;47mSS%[0;1;37;47m;[0;1;33;47mS[0;5;37;47m8[0;1;33;47mS[0;1;37;47m [0;1;33;47mS[0;1;37;47m;[0;5;33;40m8[0;1;30;41m8[0m
[0;1;30;40m8[0;5;33;40m:[0;5;37;47m@[0;5;37;43m8[0;1;37;47m:[0;1;33;47mSSS[0;1;37;47m;[0;5;37;43m8[0;1;37;47m [0;1;33;47m@[0;1;37;47m S[0;1;33;47mXSS[0;5;31;40m8[0;1;30;41m8[0;33;41m8[0;1;30;43mX8[0;33;41m8[0;33;47m8[0;5;33;41m%[0;5;33;40m.[0;1;30;43m8[0;1;31;43m8[0;37;43m8[0;31;43m8[0;1;30;41m@[0;31;40m8[0;1;30;41m8[0;5;31;40mX[0;1;33;47m%[0;1;37;47m [0;1;33;47m@[0;1;37;47m [0;1;33;47mX[0;1;31;47mS[0;1;37;47mt[0;5;37;43m8[0;1;37;47m [0;5;37;43m8[0;1;37;47m [0;5;1;37;43m8[0;1;37;47m [0;5;37;47m8[0;33;41m@[0;5;31;40m8[0m
[0;1;30;40m8[0;1;30;43m8[0;1;37;47m8[0;1;33;47mX[0;1;37;47m;[0;1;33;47mS[0;1;37;47m;[0;5;37;43m8[0;1;37;47m [0;1;33;47mS[0;1;37;47m [0;1;33;47m8[0;1;31;47m8[0;1;33;47m8XS[0;1;30;47m8[0;30;41mX[0;32;40m8[0;31;43m8[0;1;31;43m8[0;1;33;47mX@@[0;1;30;43m8[0;1;33;47m88[0;33;47m8[0;5;33;41m;[0;1;30;43m88[0;1;30;41m8[0;31;40mX[0;5;33;40m8[0;33;47mX88[0;1;33;47m8[0;1;31;47m@[0;1;33;47m@[0;1;37;47m [0;1;33;47mS[0;1;37;47m .[0;5;37;43m8[0;1;37;47m [0;5;37;43m8[0;1;37;47m [0;5;33;40m@[0;5;31;40m8[0m
[0;1;30;40m@[0;5;33;40m [0;1;33;47mS[0;1;37;47mt[0;5;37;43m8[0;1;33;47mSS[0;1;37;47m [0;1;33;47m8[0;1;37;47m [0;1;33;47mXS[0;33;47mX[0;1;37;47m [0;1;33;47mS[0;1;37;47m [0;1;33;47mX[0;5;33;40mX[0;30;41mX[0;5;33;40m;[0;1;31;43m8[0;37;43m@[0;5;37;43m8[0;1;31;47m8[0;1;30;43m8[0;5;33;41mt[0;1;33;47m8[0;5;33;43m;[0;1;30;43m8[0;33;41mX[0;1;30;41m@[0;31;40m8[0;5;33;40m8[0;1;30;47mS[0;1;33;47mX%S[0;1;37;47m [0;33;47m8[0;1;33;47mXXS@[0;1;37;47m [0;1;33;47m%[0;1;37;47m [0;1;33;47mSS[0;1;30;41m8[0;5;31;40m8[0m
[0;1;30;40m@[0;1;30;43m8[0;1;37;47mX[0;1;33;47m8[0;33;47mS[0;1;33;47mS[0;33;47mX[0;1;33;47mXSX[0;1;37;47m [0;1;33;47m@[0;1;31;47m@[0;33;47m8[0;1;33;47mSX[0;1;37;47m [0;33;47m8[0;5;31;40m8[0;1;30;41m8@[0;1;31;43m88[0;5;33;40m@t[0;31;43m8[0;1;31;43m8[0;1;30;43m8[0;5;31;41m8[0;5;31;40m8[0;31;40m8[0;1;30;40m8[0;1;30;43m8[0;1;33;47mSS%X[0;33;47m8X[0;1;33;47mSS[0;1;31;47mS[0;1;33;47mXXSX%[0;1;37;47m [0;1;30;43m8[0;30;41m8[0m
[0;1;30;40m@[0;5;33;40m%[0;1;33;47m@[0;33;47m@[0;1;33;47mS[0;33;47mX[0;1;33;47mS[0;1;31;47mX[0;33;47mX[0;1;33;47mX[0;1;31;47m@[0;1;33;47mXS[0;33;47m@X[0;1;33;47mSXS[0;1;30;47m8[0;30;41m@[0;5;31;40mS[0;33;41m8[0;31;43m8[0;5;33;41mS[0;1;30;43m8[0;1;31;43m88[0;1;30;41m8[0;33;41m8[0;1;30;41m8[0;1;30;40m8[0;30;41m@[0;33;47m8XXX[0;1;31;47m8[0;33;47m@[0;1;33;47mX[0;35;47mX[0;1;33;47m8[0;33;47mX[0;1;33;47mS[0;1;31;47mS[0;1;33;47mS[0;1;31;47mX[0;1;33;47mXS[0;1;30;41m8[0;5;31;40mX[0m
[0;1;30;40mX[0;5;33;40mS[0;33;47mX@XX[0;1;33;47mX[0;1;30;47m8[0;1;33;47mX[0;33;47mX[0;1;33;47mS[0;1;30;47m8[0;1;33;47m@S[0;33;47m@[0;1;31;47m8[0;1;33;47mS[0;33;47mX[0;1;33;47m@[0;5;33;40m:[0;33;41m8[0;1;30;43m8[0;1;30;41m8[0;33;41m8[0;1;31;43m8[0;1;30;43m8[0;1;30;41mtS[0;1;30;43mt[0;30;41m@[0;33;41m8[0;5;30;40mS[0;33;47m8[0;1;33;47m@[0;33;47mX8@[0;1;33;47m@[0;33;47m@[0;1;33;47m@[0;1;30;47m8[0;1;33;47m8[0;35;47m@[0;1;33;47m8[0;33;47mX[0;1;33;47mX[0;1;31;47mX[0;1;33;47m%[0;5;31;40m8[0;1;30;40m8[0m
[0;1;30;40m@[0;5;33;40mX[0;1;33;47mS[0;33;47m@[0;1;33;47mX[0;35;47m@[0;1;33;47m8[0;33;47m@X@[0;1;33;47mX[0;33;47m@XX[0;1;33;47mX[0;1;30;47m8[0;33;47m8[0;5;33;40m:X[0;5;31;40mX[0;1;30;40m@[0;37;43mX[0;1;33;47m@[0;5;33;40mX[0;1;30;41m@S[0;1;30;43m%[0;31;43mS[0;1;31;43m8[0;5;30;40m8[0;1;30;40m@[0;5;31;40mS[0;1;30;43m8[0;1;30;47m8[0;33;47m8[0;1;33;47m8[0;1;30;47m8[0;33;47m8[0;1;31;47m8[0;33;47m88[0;1;31;47m8[0;33;47m88@8@[0;1;33;47mX[0;1;30;41m8[0;5;30;40m8[0m
[0;1;30;40m@[0;5;31;40m8[0;33;47m@@8888[0;1;31;47m8[0;33;47m8@@[0;1;31;47m@[0;33;47m8[0;5;35;40m%[0;1;30;41mS@@[0;31;40m8[0;1;30;41m8[0;1;30;43mS[0;1;31;43m8[0;1;33;47m@8[0;1;33;43m%[0;1;33;47m8[0;1;31;43m8[0;31;43m%[0;1;31;43m8[0;1;30;41m8[0;1;30;40m8[0;5;36;40m;[0;5;35;40mX[0;31;40m8[0;5;31;40m8X[0;1;30;43m8[0;33;47mX8@88888[0;1;31;47m8[0;33;47m8@[0;5;31;40m8[0;31;40m8[0m
[0;1;30;40m8[0;5;33;40m8[0;33;47m888[0;37;43m8[0;33;47m888888[0;1;30;43m8[0;1;30;41m@[0;31;40m8[0;30;41m@X[0;1;30;41m8[0;31;43mX[0;1;30;43m@[0;5;37;43m8[0;33;47m88[0;1;33;47m8[0;5;33;41m%[0;33;47m8[0;1;33;47m8[0;1;33;43m.[0;31;43m8[0;5;30;40m@[0;1;30;40mX8[0;5;36;40mS;[0;1;30;40m@[0;5;30;40m8[0;30;41m8[0;5;31;40m8[0;5;33;40m%[0;33;47m8888[0;1;31;47m8[0;33;47m8888[0;5;31;40m8[0;1;30;40m8[0m
[0;1;30;40m@[0;1;30;41m8[0;1;30;47m8[0;37;43m8[0;33;47m8[0;1;30;47m8[0;5;33;41mS[0;1;30;47mX[0;33;47m888[0;35;41m8[0;1;30;41m8[0;30;41m8[0;1;30;41m@@X[0;30;41mX[0;33;41m8[0;31;43m8[0;1;31;43m8[0;1;33;47m8[0;1;33;43m.[0;1;33;47mX8[0;37;43mX[0;5;33;43m [0;5;35;41mX[0;5;35;40mt[0;5;30;40m8[0;1;30;40mX[0;5;30;40m8[0;1;30;40m8[0;5;34;40mS[0;5;36;40m:[0;1;30;40m@[0;5;34;40m8[0;1;30;40mX[0;31;40m@[0;5;31;40m8[0;5;33;40mt[0;33;47m88[0;37;43m8[0;33;47m8[0;37;43m88[0;33;47m8[0;1;30;41m8[0;1;30;40m8[0m
[0;1;30;40m@[0;5;31;40mS[0;1;30;43m8[0;33;47m8[0;1;30;43m8[0;33;47m8[0;1;30;47m8[0;37;43m@[0;33;47m8[0;1;30;43m8[0;35;41m@[0;31;43mX@[0;33;41mX[0;1;30;41mt[0;30;41m%[0;33;41mX[0;1;30;41m@[0;1;31;41mt[0;1;30;41m@X[0;35;41m;[0;1;31;41m8[0;35;41m;[0;1;31;41mt[0;35;41mt[0;30;41mX[0;5;30;40m8[0;5;34;40mS[0;1;30;40m8[0;5;34;40mS[0;1;30;40m8[0;5;36;40mX[0;5;35;40mS[0;5;36;40mS[0;5;34;40mS[0;32;40mt[0;5;34;40m8[0;5;30;40m8[0;1;30;40m8[0;31;40m8[0;5;33;40mS[0;33;47m8[0;1;30;43m8[0;33;47m8[0;37;43m88[0;33;47m8[0;1;30;41m8[0;31;40m8[0m
[0;1;30;40m@[0;5;31;40mX[0;37;43m8[0;1;30;47m8[0;37;43m8[0;1;30;43m8[0;33;47m88[0;5;33;40m.[0;1;30;41mX[0;33;41m8[0;31;43mX[0;1;30;43m@[0;31;43m8S[0;1;30;41m@[0;33;41mt[0;1;30;41mX%;[0;30;41mS[0;1;30;41m@tS[0;30;41m88[0;31;40mX[0;5;36;40m%[0;1;30;40m8[0;5;34;40mS[0;5;36;40mS[0;5;30;40mS[0;5;34;40mX[0;5;32;40mX[0;5;35;40mS[0;5;36;40mS[0;5;30;40m8[0;31;40mt[0;5;36;40m8[0;1;30;40m8[0;5;30;40m8[0;31;40m@[0;5;33;40mt[0;33;47m8[0;1;30;43m8[0;1;30;47m8[0;1;31;43m8[0;1;30;47m8[0;1;30;41m8[0;1;30;40m8[0m
[0;1;30;40m@[0;1;30;41m8[0;1;30;43m8[0;37;43m8[0;1;30;47m8[0;33;47m8[0;1;30;43m8[0;33;47m8[0;1;30;41m8[0;30;41m@[0;1;30;41mt[0;33;41m@8[0;31;43m8S8[0;1;30;41mtt%tS[0;30;41m8[0;1;30;41mX[0;30;41mtX[0;1;30;40m8[0;31;40mX[0;5;34;40mS[0;1;30;40m@[0;5;36;40m;[0;5;30;40m8[0;5;36;40m%[0;5;30;40mX8[0;5;36;40mX[0;1;30;40m8[0;5;34;40mS[0;32;40mt[0;5;30;40m888[0;34;40mX[0;5;33;40m8[0;1;30;43m8[0;33;47m8[0;37;43m8[0;5;33;40m [0;37;43m@[0;5;31;40mX[0;31;40mX[0m
[0;1;30;40m@[0;5;31;40mS[0;33;47m8[0;1;30;43m8[0;33;47m888[0;1;30;43m8[0;30;41mX8[0;1;30;41m%tX[0;31;43m8[0;1;31;43m8[0;1;30;43m8[0;35;41m:[0;1;30;41mt[0;30;41mS%[0;1;30;41mX[0;30;41m8S[0;1;30;41m8[0;31;40m8@S[0;5;32;40mS[0;1;30;40m@[0;5;34;40m8[0;1;30;40m@[0;5;30;40m@[0;1;30;40m8[0;34;40m8[0;5;36;40m%[0;34;40mS[0;5;30;40mX[0;1;30;40m@[0;5;30;40m8[0;5;34;40m8[0;1;30;40m888[0;5;33;40m.[0;37;43m888[0;1;30;43m8[0;5;31;40m@[0;1;30;40m8[0m
[0;1;30;40m@[0;1;30;41m8[0;1;30;43m8[0;1;30;47m@[0;1;30;43m8[0;33;47m88[0;1;30;41m%[0;31;40m88[0;30;41mX[0;1;30;41m%t[0;31;43m88[0;33;41m8[0;1;30;41mStX[0;30;41mXS@[0;31;40m8[0;30;41m@[0;31;40m8[0;32;40mX[0;1;30;41m8[0;5;31;40m8@[0;1;30;41m8[0;5;31;40m@[0;1;30;41m8[0;5;31;40m@[0;1;30;41m8[0;33;41m%[0;1;30;41m8X[0;31;40m@[0;1;30;40m8[0;5;30;40m@[0;5;34;40mS[0;1;30;40m88[0;5;33;40m8[0;1;30;43m8[0;1;30;47m8[0;1;30;43m8[0;33;47m8[0;1;30;41m8[0;31;40mX[0m
[0;1;30;40m8[0;5;31;40mX[0;37;43m88[0;33;47m8[0;1;31;43m8[0;5;33;40m [0;1;30;41mX[0;31;40m@[0;1;30;41m@[0;30;41m8[0;33;41m%[0;1;30;41mS[0;33;41m8[0;31;43m8[0;1;30;43m8[0;35;41m:[0;30;41mtX[0;1;30;41m8[0;30;41m8[0;1;30;41m8[0;31;40m@[0;30;41m8[0;1;30;40m8[0;31;40m8[0;5;31;40mX[0;33;41m8[0;5;33;40m%[0;1;31;43m8[0;5;35;40m;[0;33;41m8[0;1;30;41m8X[0;33;41mS%%S[0;31;40mX[0;5;36;40m8[0;5;34;40mS[0;1;30;40m8X[0;5;31;40m@[0;33;47m8[0;1;30;43m8[0;33;47m8[0;1;30;43m8[0;5;31;40m8[0;1;30;40m@[0m
[0;1;30;40m@[0;5;31;40m8[0;1;30;43m8[0;33;47m8[0;5;33;40m:[0;33;47m8[0;5;33;40m8[0;31;40mX88[0;1;30;41m@%%[0;31;43m8[0;33;41m88[0;1;30;41mX[0;30;41mX[0;1;30;43mS[0;5;33;40m8[0;1;30;41m@[0;30;41m8[0;31;40m8@X[0;32;40mS[0;1;30;41m8[0;1;30;43m8[0;5;35;41mS[0;5;33;40m:[0;1;31;43m8[0;1;30;43m88[0;31;43mX[0;1;30;43m8[0;31;43m8[0;1;30;43m88[0;1;30;41m8[0;5;30;40m@[0;5;32;40mX[0;5;34;40m8[0;5;30;40m8[0;1;30;40mX[0;5;33;40mt[0;33;47m8[0;1;30;43m8[0;33;47m8[0;1;30;41m@[0;31;40mS[0m
[0;1;30;40m@[0;5;31;40m8[0;1;30;43m8[0;33;47m8[0;37;43m8[0;1;30;43m8[0;1;30;41m8[0;31;40m8[0;1;30;41mX[0;30;41m@X[0;1;30;41mX[0;30;41m@[0;33;41m8[0;1;30;41m8[0;1;30;43m8[0;1;30;41m%8[0;1;30;43m@[0;1;30;41mS[0;31;40m8[0;30;41m8[0;1;30;40m88[0;5;32;40mX[0;1;30;40mX[0;5;31;40m8[0;5;35;40mS[0;1;30;43m8[0;5;33;41mX[0;1;30;43m8[0;1;30;45m8[0;5;33;41mS[0;1;30;43m8[0;5;31;41mt[0;5;33;40m;[0;5;31;41m8[0;1;30;43m88[0;5;30;40mX[0;5;34;40m8[0;1;30;40m@S[0;31;40m%[0;5;33;40mX[0;1;30;43m8[0;1;30;47m8[0;1;30;43m8[0;5;31;40m8[0;31;40mX[0m
[0;1;30;40m8[0;5;31;40m8[0;5;33;40m.[0;37;43m8[0;33;47m8[0;5;33;40m:[0;30;41m88X[0;1;30;41m8[0;30;41m@[0;1;30;41m@[0;30;41mS[0;1;30;41mS[0;31;43m8[0;1;30;43m8[0;1;30;41m;[0;1;30;43m88[0;1;30;41m@[0;1;30;40m@[0;5;30;40m888[0;1;30;40m8[0;34;40mX[0;33;41m8[0;1;30;41m8[0;5;33;40mt[0;1;30;43m8[0;5;33;41m%[0;1;30;43m8[0;1;31;43m8[0;5;35;40m;[0;5;33;40mt[0;5;33;41m@[0;1;30;43m8[0;5;33;41mX[0;5;33;40mX[0;34;40mX[0;5;30;40m@[0;1;30;40mX8[0;34;40m@[0;5;31;40m8[0;1;30;43m8[0;37;43m8[0;1;30;43m8[0;5;31;40m8[0;1;30;40m@[0m
[0;1;30;40m8[0;5;31;40m8[0;1;30;43m8[0;33;47m8[0;1;30;43m8[0;5;33;40mt[0;30;41m8[0;1;30;41m@[0;31;40m8[0;1;30;41m@[0;33;41mt[0;30;41mX[0;1;30;41m8[0;31;40m8[0;5;33;40mX[0;31;43m8[0;1;30;43m88[0;31;43m8[0;5;33;40m8@[0;5;31;40m8[0;1;30;40m8[0;5;36;40m8[0;5;30;40m8[0;1;30;40m8[0;5;31;40mX[0;5;31;41m8[0;5;31;40mS[0;1;31;43m8[0;1;30;43m8[0;5;33;41mS[0;1;30;43m8[0;1;30;41m8[0;31;43m8[0;5;31;41m8[0;1;30;43m88[0;1;30;41m8[0;1;30;40m8[0;5;30;40m8@[0;5;34;40mX[0;32;40mX[0;1;30;40m@[0;5;33;40m:[0;33;47m8[0;37;43m8[0;1;30;41m8[0;31;40m%[0m
[0;1;30;40m8[0;5;31;40m8[0;1;30;43m8[0;33;47m88[0;1;30;41mS[0;31;40m8[0;30;41m@[0;1;30;41m8[0;30;41m8@[0;1;30;41m8[0;30;41m8[0;1;30;40m@[0;5;31;40m8[0;37;43m8[0;1;33;47mX[0;33;47m8[0;5;33;41mt[0;1;30;41m@[0;1;30;43m8[0;5;31;40m@[0;1;30;40m88[0;5;30;40m8[0;34;40mX[0;5;33;40m8[0;1;30;43m8[0;1;31;43m8[0;5;37;40mt[0;5;33;40mtS[0;5;31;41mS[0;5;31;40m8[0;1;30;41m8[0;1;30;43m8[0;1;30;45m8[0;1;30;43m8[0;31;43m8[0;5;30;40m8[0;5;34;40m8[0;5;30;40m88[0;1;30;40m@[0;31;40m%[0;5;33;40mS[0;1;30;43m8[0;1;30;47m8[0;1;30;41m8[0;31;40m%[0m
[0;5;30;40m8[0;31;40m8[0;1;30;47mt[0;1;30;43m88[0;31;40m8[0;1;30;40m@[0;30;41m@X[0;1;30;41m8[0;31;40mX88[0;32;40mS[0;1;30;40m8[0;1;30;43m8[0;1;33;47m@[0;37;43mX[0;1;30;43mX8[0;33;47m8[0;33;41mS[0;1;30;44m8[0;5;32;40mS[0;5;34;40m@[0;1;30;40m8[0;1;30;41mS[0;35;41m%[0;1;31;41m%[0;1;30;43m8[0;33;41m@[0;31;43m8[0;5;31;40m@[0;31;43m8[0;5;31;41m8[0;31;43m8[0;5;31;41m@[0;1;30;43m8[0;5;31;40m@[0;1;30;40m@[0;5;30;40mX8[0;34;40mX[0;5;30;40m8[0;34;40mS[0;5;33;40m8[0;33;47m8[0;1;30;43m8[0;5;31;40mX[0;31;40mS[0m
[0;5;30;40m8[0;5;31;40m8[0;1;30;43m8[0;33;47m@[0;5;33;40m;[0;30;41m88[0;31;40m8[0;5;31;40m8[0;31;40m8[0;30;41m8[0;1;30;40m8[0;1;30;41m8t[0;5;31;40m8[0;1;30;43m8[0;33;47m8[0;5;1;33;41m8[0;1;30;43m8[0;5;33;41mS[0;1;30;43m@[0;1;30;40m@[0;5;30;40m888@[0;1;30;43m88[0;5;37;40mS[0;33;47m888[0;1;31;43m8[0;5;33;40mttS[0;5;31;40m@[0;31;43m8[0;5;31;40m8[0;34;40mS[0;1;30;40m88[0;5;30;40mX@[0;34;40mS[0;31;40m8[0;33;47m88[0;1;30;41m8[0;32;40mS[0m
[0;5;30;40m8[0;31;40m8[0;33;47m88[0;5;31;40m8[0;31;40mX[0;1;30;41m88[0;30;41mt[0;1;30;41m8[0;31;40m8[0;30;41m@[0;33;41mS[0;1;30;41m8[0;37;43m@[0;1;31;43m8[0;1;30;43m8[0;33;41m@[0;5;31;40m8[0;5;30;40m8[0;1;30;40m8[0;5;30;40m88[0;5;34;40m8[0;1;30;40m88[0;1;30;43m88[0;1;31;43m8[0;1;33;47m8[0;37;43mX[0;5;33;43m [0;37;43m8[0;1;31;43m8[0;1;30;43m8[0;33;47m8[0;5;35;40m%%[0;5;30;40mS8[0;1;30;40m8[0;5;30;40m@8[0;1;30;40m88[0;32;40m%[0;5;33;40m;[0;33;47m8[0;5;31;40m@[0;31;40mS[0m
[0;5;30;40m8[0;5;31;40m@[0;1;30;43m8[0;33;47m8[0;5;31;40m@[0;31;40m8[0;30;41mX8[0;1;30;41m8[0;30;41m@[0;1;30;41m8[0;31;40m8[0;1;30;41m8[0;30;41m@[0;1;30;43mX[0;1;30;41m@@[0;34;40mX[0;5;30;40m@@8[0;5;34;40m@[0;5;30;40m88@[0;1;30;40m8[0;1;30;41mX[0;1;30;43m8[0;31;43m88[0;5;33;41m@[0;5;33;40m;[0;1;31;43m8[0;1;30;43m8[0;5;33;41m8[0;1;30;43m8[0;31;43m@[0;5;34;40m@[0;5;36;40mt[0;5;30;40m@@[0;5;36;40mX[0;5;34;40m@[0;5;36;40mS[0;5;30;40mX[0;31;40m%[0;5;33;40m%[0;33;47m8[0;1;30;41m8[0;32;40m%[0m
[0;5;30;40m8[0;31;40m8[0;33;47m@[0;37;43m8[0;30;41m8[0;31;40m8[0;1;30;40m8[0;30;41m8[0;33;41mX[0;30;41m@[0;1;30;41m8[0;32;40mS[0;1;30;41mS[0;30;41m88[0;1;30;41m@[0;32;40mS[0;5;34;40m@[0;5;30;40m8[0;5;34;40mS[0;5;30;40mX@@X8[0;1;30;40m88[0;35;41m%[0;1;30;41m@[0;5;33;40mt[0;1;30;41m8[0;31;43m8[0;5;33;40mS[0;33;41m@[0;5;31;40m8[0;33;41m8[0;5;31;40m8[0;1;30;40m@[0;5;30;40mS[0;5;34;40mS[0;1;30;40m8[0;5;34;40mS[0;1;30;40m88[0;5;34;40mX[0;1;30;40mX[0;5;33;40m@[0;33;47m8[0;1;30;41m8[0;31;40m%[0m
[0;5;30;40m8[0;5;31;40m8[0;37;43m8[0;1;30;43m8[0;5;31;40mX[0;31;40m@88[0;1;30;41m8[0;31;40m88[0;1;30;41m@[0;30;41m@[0;1;30;40m8[0;30;41mX[0;1;30;40m@XX88[0;5;30;40m8[0;1;30;40m8[0;5;30;40m8[0;34;40m8[0;5;30;40m@[0;1;30;40m888888[0;31;40m8[0;5;30;40m8[0;31;40mX[0;1;30;40m888[0;5;34;40mS[0;5;30;40m88[0;1;30;40m8[0;5;30;40m8[0;1;30;40m8[0;34;40mX[0;1;30;40m@[0;32;40mt[0;5;33;40mS[0;33;47m8[0;5;31;40mX[0;32;40m%[0m
[0;5;30;40m8[0;31;40m@[0;33;47m8[0;1;30;47m@[0;31;40m@8[0;5;30;40mX[0;31;40m88[0;5;31;40m8[0;31;40m%8[0;1;30;41m8[0;31;40m@[0;30;41m8[0;32;40mS[0;1;30;40m8888888[0;5;30;40m8[0;1;30;40m888[0;34;40m8[0;5;30;40m8[0;1;30;40m88[0;34;40m@[0;1;30;40m8X[0;34;40mt[0;5;30;40m8[0;32;40m%[0;5;30;40mX88[0;34;40mS[0;1;30;40m8888[0;34;40m%[0;5;33;40m8[0;37;43m8[0;1;30;41m8[0;31;40m%[0m
[0;5;30;40m8[0;1;30;40m8[0;1;30;43m8[0;37;43m8[0;5;31;40mS[0;31;40m@88[0;1;30;40m8[0;31;40m@[0;1;30;40m8[0;30;41m8[0;32;40mX[0;1;30;41m8[0;1;30;40m@88[0;5;34;40m@[0;5;30;40m8@[0;1;30;40m8[0;5;30;40m8[0;1;30;40m8888[0;5;30;40m8[0;1;30;40m88[0;34;40mX[0;5;30;40m8[0;1;30;40m8XXS@X8[0;34;40m8[0;5;30;40m8[0;32;40mX[0;1;30;40m8[0;34;40mS[0;32;40mX[0;1;30;40m@S[0;5;33;40mS[0;33;47m8[0;5;31;40mX[0;32;40m%[0m
[0;5;30;40m8[0;30;41m8[0;33;47m8[0;1;30;43m8[0;37;43m8[0;1;30;43m8[0;33;47m8[0;37;43m8@88[0;33;47m8[0;37;43m8[0;1;30;43m8[0;33;47m88[0;1;30;43m8[0;33;47m8[0;37;43m8[0;1;30;47m@[0;1;30;43m8[0;1;30;47m;[0;1;30;43m8[0;1;30;47m;[0;1;30;43m8[0;1;30;47mt[0;1;30;43m8[0;33;47m88[0;37;43m8[0;1;30;43m8[0;33;47m8[0;37;43m8[0;1;30;43m8[0;1;30;47mS[0;1;30;43m8[0;33;47m88[0;1;30;43m8[0;33;47m88[0;1;30;43m8[0;33;47m88[0;1;30;43m8[0;33;47m8[0;1;30;43m8[0;33;47m8[0;1;30;41m8[0;31;40m%[0m
[0;5;31;40mX[0;32;40m%[0;1;30;41m8[0;31;40m8[0;5;31;40mX[0;1;30;40m8[0;30;41m8[0;5;30;40mS[0;31;40m8[0;5;31;40m@[0;31;40m@8[0;5;31;40m@[0;1;30;40m8[0;30;41m8[0;5;31;40m8[0;1;30;40m8[0;30;41m8[0;5;30;40m8[0;30;41m8[0;5;31;40mS[0;31;40m8[0;5;31;40mS[0;31;40m8[0;5;31;40mX[0;31;40m@[0;5;31;40mX[0;31;40m8[0;1;30;40m8[0;1;30;41m8[0;1;30;40m8[0;30;41m8[0;5;30;40m8[0;30;41m8[0;5;31;40m8[0;31;40m@[0;1;30;40m8[0;30;41m8[0;5;31;40mX[0;31;40mX[0;5;30;40m8[0;1;30;41m@[0;31;40mX8[0;5;31;40m8[0;31;40m@[0;1;30;41m8[0;31;40mX[0;32;40mS[0;1;30;40m8[0m