RA_{0} = 349.2
RAfinal = 352.5
DEC_{0} = 56.9
DECfinal = 60.7
    Date/Time    AZ (Deg)  EL (Deg)  RA(Deg)  DEC(deg)
-------------------------------------------------------------------------
2019-11-05T14:41:00.000 040.7091 033.4165 349.200 056.900
2019-11-05T14:41:02.000 040.7330 033.7062 349.200 057.000
2019-11-05T14:41:04.000 040.6252 033.7508 349.200 057.100
2019-11-05T14:41:06.000 040.5173 033.7953 349.200 057.200
2019-11-05T14:41:08.000 040.4093 033.8397 349.200 057.300
2019-11-05T14:41:10.000 040.3012 033.8839 349.200 057.400
2019-11-05T14:41:12.000 040.1929 033.9281 349.200 057.500
2019-11-05T14:41:14.000 040.0845 033.9721 349.200 057.600
2019-11-05T14:41:16.000 039.9760 034.0160 349.200 057.700
2019-11-05T14:41:18.000 039.8674 034.0597 349.200 057.800
2019-11-05T14:41:20.000 039.7586 034.1034 349.200 057.900
2019-11-05T14:41:22.000 039.6497 034.1469 349.200 058.000
2019-11-05T14:41:24.000 039.5407 034.1904 349.200 058.100
2019-11-05T14:41:26.000 039.4316 034.2337 349.200 058.200
2019-11-05T14:41:28.000 039.3223 034.2768 349.200 058.300
2019-11-05T14:41:30.000 039.2129 034.3199 349.200 058.400
2019-11-05T14:41:32.000 039.1034 034.3629 349.200 058.500
2019-11-05T14:41:34.000 038.9938 034.4057 349.200 058.600
2019-11-05T14:41:36.000 038.8840 034.4484 349.200 058.700
2019-11-05T14:41:38.000 038.7742 034.4910 349.200 058.800
2019-11-05T14:41:40.000 038.6642 034.5334 349.200 058.900
2019-11-05T14:41:42.000 038.5540 034.5758 349.200 059.000
2019-11-05T14:41:44.000 038.4438 034.6180 349.200 059.100
2019-11-05T14:41:46.000 038.3334 034.6601 349.200 059.200
2019-11-05T14:41:48.000 038.2229 034.7020 349.200 059.300
2019-11-05T14:41:50.000 038.1123 034.7439 349.200 059.400
2019-11-05T14:41:52.000 038.0015 034.7856 349.200 059.500
2019-11-05T14:41:54.000 037.8906 034.8272 349.200 059.600
2019-11-05T14:41:56.000 037.7796 034.8687 349.200 059.700
2019-11-05T14:41:58.000 037.6685 034.9100 349.200 059.800
2019-11-05T14:42:00.000 037.5573 034.9513 349.200 059.900
2019-11-05T14:42:02.000 037.4459 034.9924 349.200 060.000
2019-11-05T14:42:04.000 037.3344 035.0334 349.200 060.100
2019-11-05T14:42:06.000 037.2228 035.0742 349.200 060.200
2019-11-05T14:42:07.678 037.1111 035.1149 349.200 060.300
2019-11-05T14:42:09.678 036.9989 035.1549 349.200 060.400
2019-11-05T14:42:11.678 036.8869 035.1954 349.200 060.500
2019-11-05T14:42:13.678 036.7748 035.2358 349.200 060.600
2019-11-05T14:42:15.678 036.6626 035.2760 349.200 060.700
2019-11-05T14:42:17.678 036.6425 035.2342 349.300 060.700
2019-11-05T14:42:19.678 036.7583 035.2015 349.300 060.600
2019-11-05T14:42:21.678 036.8740 035.1687 349.300 060.500
2019-11-05T14:42:23.678 036.9896 035.1358 349.300 060.400
2019-11-05T14:42:25.678 037.1051 035.1028 349.300 060.300
2019-11-05T14:42:27.678 037.2206 035.0697 349.300 060.200
2019-11-05T14:42:29.678 037.3359 035.0366 349.300 060.100
2019-11-05T14:42:31.678 037.4512 035.0033 349.300 060.000
2019-11-05T14:42:33.678 037.5664 034.9700 349.300 059.900
2019-11-05T14:42:35.678 037.6815 034.9366 349.300 059.800
2019-11-05T14:42:37.678 037.7965 034.9031 349.300 059.700
2019-11-05T14:42:39.678 037.9115 034.8695 349.300 059.600
2019-11-05T14:42:41.678 038.0263 034.8359 349.300 059.500
2019-11-05T14:42:43.678 038.1411 034.8021 349.300 059.400
2019-11-05T14:42:45.678 038.2558 034.7683 349.300 059.300
2019-11-05T14:42:47.678 038.3704 034.7344 349.300 059.200
2019-11-05T14:42:49.678 038.4850 034.7004 349.300 059.100
2019-11-05T14:42:51.678 038.5994 034.6663 349.300 059.000
2019-11-05T14:42:53.678 038.7138 034.6321 349.300 058.900
2019-11-05T14:42:55.678 038.8280 034.5979 349.300 058.800
2019-11-05T14:42:57.678 038.9422 034.5636 349.300 058.700
2019-11-05T14:42:59.678 039.0563 034.5291 349.300 058.600
2019-11-05T14:43:01.678 039.1704 034.4946 349.300 058.500
2019-11-05T14:43:03.678 039.2843 034.4601 349.300 058.400
2019-11-05T14:43:05.678 039.3982 034.4254 349.300 058.300
2019-11-05T14:43:07.678 039.5120 034.3907 349.300 058.200
2019-11-05T14:43:09.678 039.6257 034.3558 349.300 058.100
2019-11-05T14:43:11.678 039.7393 034.3209 349.300 058.000
2019-11-05T14:43:13.678 039.8528 034.2859 349.300 057.900
2019-11-05T14:43:15.355 039.9662 034.2509 349.300 057.800
2019-11-05T14:43:17.355 040.0793 034.2150 349.300 057.700
2019-11-05T14:43:19.355 040.1925 034.1798 349.300 057.600
2019-11-05T14:43:21.355 040.3057 034.1445 349.300 057.500
2019-11-05T14:43:23.355 040.4188 034.1091 349.300 057.400
2019-11-05T14:43:25.355 040.5319 034.0736 349.300 057.300
2019-11-05T14:43:27.355 040.6448 034.0381 349.300 057.200
2019-11-05T14:43:29.355 040.7577 034.0024 349.300 057.100
2019-11-05T14:43:31.355 040.8704 033.9667 349.300 057.000
2019-11-05T14:43:33.355 040.9831 033.9309 349.300 056.900
2019-11-05T14:43:35.355 040.9589 033.8850 349.400 056.900
2019-11-05T14:43:37.355 040.8507 033.9292 349.400 057.000
2019-11-05T14:43:39.355 040.7424 033.9734 349.400 057.100
2019-11-05T14:43:41.355 040.6339 034.0173 349.400 057.200
2019-11-05T14:43:43.355 040.5254 034.0612 349.400 057.300
2019-11-05T14:43:45.355 040.4166 034.1050 349.400 057.400
2019-11-05T14:43:47.355 040.3078 034.1486 349.400 057.500
2019-11-05T14:43:49.355 040.1989 034.1921 349.400 057.600
2019-11-05T14:43:51.355 040.0898 034.2355 349.400 057.700
2019-11-05T14:43:53.355 039.9806 034.2788 349.400 057.800
2019-11-05T14:43:55.355 039.8712 034.3220 349.400 057.900
2019-11-05T14:43:57.355 039.7618 034.3650 349.400 058.000
2019-11-05T14:43:59.355 039.6522 034.4079 349.400 058.100
2019-11-05T14:44:01.355 039.5425 034.4507 349.400 058.200
2019-11-05T14:44:03.355 039.4326 034.4934 349.400 058.300
2019-11-05T14:44:05.355 039.3227 034.5359 349.400 058.400
2019-11-05T14:44:07.355 039.2126 034.5784 349.400 058.500
2019-11-05T14:44:09.355 039.1024 034.6207 349.400 058.600
2019-11-05T14:44:11.355 038.9921 034.6629 349.400 058.700
2019-11-05T14:44:13.355 038.8816 034.7049 349.400 058.800
2019-11-05T14:44:15.355 038.7710 034.7469 349.400 058.900
2019-11-05T14:44:17.355 038.6603 034.7887 349.400 059.000
2019-11-05T14:44:19.355 038.5495 034.8304 349.400 059.100
2019-11-05T14:44:21.355 038.4386 034.8720 349.400 059.200
2019-11-05T14:44:23.033 038.3275 034.9134 349.400 059.300
2019-11-05T14:44:25.033 038.2160 034.9541 349.400 059.400
2019-11-05T14:44:27.033 038.1047 034.9953 349.400 059.500
2019-11-05T14:44:29.033 037.9932 035.0364 349.400 059.600
2019-11-05T14:44:31.033 037.8816 035.0774 349.400 059.700
2019-11-05T14:44:33.033 037.7699 035.1182 349.400 059.800
2019-11-05T14:44:35.033 037.6581 035.1589 349.400 059.900
2019-11-05T14:44:37.033 037.5462 035.1995 349.400 060.000
2019-11-05T14:44:39.033 037.4341 035.2399 349.400 060.100
2019-11-05T14:44:41.033 037.3219 035.2803 349.400 060.200
2019-11-05T14:44:43.033 037.2096 035.3205 349.400 060.300
2019-11-05T14:44:45.033 037.0972 035.3605 349.400 060.400
2019-11-05T14:44:47.033 036.9846 035.4005 349.400 060.500
2019-11-05T14:44:49.033 036.8719 035.4403 349.400 060.600
2019-11-05T14:44:51.033 036.7591 035.4800 349.400 060.700
2019-11-05T14:44:53.033 036.7394 035.4381 349.500 060.700
2019-11-05T14:44:55.033 036.8557 035.4059 349.500 060.600
2019-11-05T14:44:57.033 036.9719 035.3737 349.500 060.500
2019-11-05T14:44:59.033 037.0880 035.3413 349.500 060.400
2019-11-05T14:45:01.033 037.2041 035.3089 349.500 060.300
2019-11-05T14:45:03.033 037.3200 035.2764 349.500 060.200
2019-11-05T14:45:05.033 037.4359 035.2438 349.500 060.100
2019-11-05T14:45:07.033 037.5517 035.2111 349.500 060.000
2019-11-05T14:45:09.033 037.6674 035.1783 349.500 059.900
2019-11-05T14:45:11.033 037.7831 035.1455 349.500 059.800
2019-11-05T14:45:13.033 037.8986 035.1125 349.500 059.700
2019-11-05T14:45:15.033 038.0141 035.0795 349.500 059.600
2019-11-05T14:45:17.033 038.1295 035.0464 349.500 059.500
2019-11-05T14:45:19.033 038.2448 035.0132 349.500 059.400
2019-11-05T14:45:21.033 038.3600 034.9799 349.500 059.300
2019-11-05T14:45:23.033 038.4752 034.9465 349.500 059.200
2019-11-05T14:45:25.033 038.5902 034.9130 349.500 059.100
2019-11-05T14:45:27.033 038.7052 034.8795 349.500 059.000
2019-11-05T14:45:29.033 038.8201 034.8458 349.500 058.900
2019-11-05T14:45:30.711 038.9349 034.8121 349.500 058.800
2019-11-05T14:45:32.711 039.0493 034.7777 349.500 058.700
2019-11-05T14:45:34.711 039.1639 034.7438 349.500 058.600
2019-11-05T14:45:36.711 039.2785 034.7098 349.500 058.500
2019-11-05T14:45:38.711 039.3930 034.6758 349.500 058.400
2019-11-05T14:45:40.711 039.5074 034.6416 349.500 058.300
2019-11-05T14:45:42.711 039.6217 034.6074 349.500 058.200
2019-11-05T14:45:44.711 039.7359 034.5731 349.500 058.100
2019-11-05T14:45:46.711 039.8500 034.5387 349.500 058.000
2019-11-05T14:45:48.711 039.9641 034.5043 349.500 057.900
2019-11-05T14:45:50.711 040.0781 034.4697 349.500 057.800
2019-11-05T14:45:52.711 040.1920 034.4351 349.500 057.700
2019-11-05T14:45:54.711 040.3058 034.4003 349.500 057.600
2019-11-05T14:45:56.711 040.4195 034.3655 349.500 057.500
2019-11-05T14:45:58.711 040.5331 034.3307 349.500 057.400
2019-11-05T14:46:00.711 040.6467 034.2957 349.500 057.300
2019-11-05T14:46:02.711 040.7602 034.2606 349.500 057.200
2019-11-05T14:46:04.711 040.8736 034.2255 349.500 057.100
2019-11-05T14:46:06.711 040.9869 034.1903 349.500 057.000
2019-11-05T14:46:08.711 041.1001 034.1550 349.500 056.900
2019-11-05T14:46:10.711 041.0762 034.1090 349.600 056.900
2019-11-05T14:46:12.711 040.9674 034.1528 349.600 057.000
2019-11-05T14:46:14.711 040.8585 034.1964 349.600 057.100
2019-11-05T14:46:16.711 040.7494 034.2399 349.600 057.200
2019-11-05T14:46:18.711 040.6403 034.2833 349.600 057.300
2019-11-05T14:46:20.711 040.5310 034.3265 349.600 057.400
2019-11-05T14:46:22.711 040.4216 034.3697 349.600 057.500
2019-11-05T14:46:24.711 040.3120 034.4127 349.600 057.600
2019-11-05T14:46:26.711 040.2024 034.4556 349.600 057.700
2019-11-05T14:46:28.711 040.0926 034.4984 349.600 057.800
2019-11-05T14:46:30.711 039.9827 034.5410 349.600 057.900
2019-11-05T14:46:32.711 039.8726 034.5835 349.600 058.000
2019-11-05T14:46:34.711 039.7625 034.6260 349.600 058.100
2019-11-05T14:46:36.711 039.6522 034.6683 349.600 058.200
2019-11-05T14:46:38.388 039.5418 034.7104 349.600 058.300
2019-11-05T14:46:40.388 039.4309 034.7518 349.600 058.400
2019-11-05T14:46:42.388 039.3203 034.7937 349.600 058.500
2019-11-05T14:46:44.388 039.2095 034.8356 349.600 058.600
2019-11-05T14:46:46.388 039.0986 034.8772 349.600 058.700
2019-11-05T14:46:48.388 038.9876 034.9188 349.600 058.800
2019-11-05T14:46:50.388 038.8764 034.9602 349.600 058.900
2019-11-05T14:46:52.388 038.7651 035.0015 349.600 059.000
2019-11-05T14:46:54.388 038.6537 035.0427 349.600 059.100
2019-11-05T14:46:56.388 038.5422 035.0838 349.600 059.200
2019-11-05T14:46:58.388 038.4306 035.1247 349.600 059.300
2019-11-05T14:47:00.388 038.3188 035.1655 349.600 059.400
2019-11-05T14:47:02.388 038.2069 035.2062 349.600 059.500
2019-11-05T14:47:04.388 038.0949 035.2467 349.600 059.600
2019-11-05T14:47:06.388 037.9827 035.2872 349.600 059.700
2019-11-05T14:47:08.388 037.8705 035.3275 349.600 059.800
2019-11-05T14:47:10.388 037.7581 035.3677 349.600 059.900
2019-11-05T14:47:12.388 037.6455 035.4077 349.600 060.000
2019-11-05T14:47:14.388 037.5329 035.4476 349.600 060.100
2019-11-05T14:47:16.388 037.4201 035.4874 349.600 060.200
2019-11-05T14:47:18.388 037.3073 035.5271 349.600 060.300
2019-11-05T14:47:20.388 037.1942 035.5666 349.600 060.400
2019-11-05T14:47:22.388 037.0811 035.6060 349.600 060.500
2019-11-05T14:47:24.388 036.9679 035.6453 349.600 060.600
2019-11-05T14:47:26.388 036.8545 035.6844 349.600 060.700
2019-11-05T14:47:28.388 036.8350 035.6425 349.700 060.700
2019-11-05T14:47:30.388 036.9518 035.6108 349.700 060.600
2019-11-05T14:47:32.388 037.0685 035.5792 349.700 060.500
2019-11-05T14:47:34.388 037.1852 035.5474 349.700 060.400
2019-11-05T14:47:36.388 037.3018 035.5155 349.700 060.300
2019-11-05T14:47:38.388 037.4183 035.4835 349.700 060.200
2019-11-05T14:47:40.388 037.5347 035.4515 349.700 060.100
2019-11-05T14:47:42.388 037.6510 035.4193 349.700 060.000
2019-11-05T14:47:44.388 037.7673 035.3871 349.700 059.900
2019-11-05T14:47:46.066 037.8834 035.3548 349.700 059.800
2019-11-05T14:47:48.066 037.9992 035.3218 349.700 059.700
2019-11-05T14:47:50.066 038.1152 035.2893 349.700 059.600
2019-11-05T14:47:52.066 038.2311 035.2567 349.700 059.500
2019-11-05T14:47:54.066 038.3470 035.2240 349.700 059.400
2019-11-05T14:47:56.066 038.4627 035.1913 349.700 059.300
2019-11-05T14:47:58.066 038.5784 035.1584 349.700 059.200
2019-11-05T14:48:00.066 038.6940 035.1255 349.700 059.100
2019-11-05T14:48:02.066 038.8095 035.0925 349.700 059.000
2019-11-05T14:48:04.066 038.9249 035.0594 349.700 058.900
2019-11-05T14:48:06.066 039.0403 035.0262 349.700 058.800
2019-11-05T14:48:08.066 039.1555 034.9929 349.700 058.700
2019-11-05T14:48:10.066 039.2707 034.9596 349.700 058.600
2019-11-05T14:48:12.066 039.3858 034.9262 349.700 058.500
2019-11-05T14:48:14.066 039.5008 034.8926 349.700 058.400
2019-11-05T14:48:16.066 039.6157 034.8590 349.700 058.300
2019-11-05T14:48:18.066 039.7305 034.8253 349.700 058.200
2019-11-05T14:48:20.066 039.8453 034.7915 349.700 058.100
2019-11-05T14:48:22.066 039.9600 034.7577 349.700 058.000
2019-11-05T14:48:24.066 040.0746 034.7237 349.700 057.900
2019-11-05T14:48:26.066 040.1891 034.6897 349.700 057.800
2019-11-05T14:48:28.066 040.3035 034.6556 349.700 057.700
2019-11-05T14:48:30.066 040.4178 034.6214 349.700 057.600
2019-11-05T14:48:32.066 040.5321 034.5871 349.700 057.500
2019-11-05T14:48:34.066 040.6463 034.5527 349.700 057.400
2019-11-05T14:48:36.066 040.7604 034.5183 349.700 057.300
2019-11-05T14:48:38.066 040.8744 034.4838 349.700 057.200
2019-11-05T14:48:40.066 040.9883 034.4491 349.700 057.100
2019-11-05T14:48:42.066 041.1021 034.4144 349.700 057.000
2019-11-05T14:48:44.066 041.2159 034.3797 349.700 056.900
2019-11-05T14:48:46.066 041.1922 034.3336 349.800 056.900
2019-11-05T14:48:48.066 041.0828 034.3768 349.800 057.000
2019-11-05T14:48:50.066 040.9733 034.4199 349.800 057.100
2019-11-05T14:48:52.066 040.8637 034.4629 349.800 057.200
2019-11-05T14:48:53.743 040.7540 034.5058 349.800 057.300
2019-11-05T14:48:55.743 040.6438 034.5479 349.800 057.400
2019-11-05T14:48:57.743 040.5338 034.5906 349.800 057.500
2019-11-05T14:48:59.743 040.4237 034.6331 349.800 057.600
2019-11-05T14:49:01.743 040.3135 034.6755 349.800 057.700
2019-11-05T14:49:03.743 040.2031 034.7178 349.800 057.800
2019-11-05T14:49:05.743 040.0926 034.7599 349.800 057.900
2019-11-05T14:49:07.743 039.9820 034.8020 349.800 058.000
2019-11-05T14:49:09.743 039.8713 034.8439 349.800 058.100
2019-11-05T14:49:11.743 039.7604 034.8856 349.800 058.200
2019-11-05T14:49:13.743 039.6494 034.9273 349.800 058.300
2019-11-05T14:49:15.743 039.5383 034.9688 349.800 058.400
2019-11-05T14:49:17.743 039.4271 035.0103 349.800 058.500
2019-11-05T14:49:19.743 039.3157 035.0516 349.800 058.600
2019-11-05T14:49:21.743 039.2042 035.0927 349.800 058.700
2019-11-05T14:49:23.743 039.0926 035.1338 349.800 058.800
2019-11-05T14:49:25.743 038.9809 035.1747 349.800 058.900
2019-11-05T14:49:27.743 038.8691 035.2155 349.800 059.000
2019-11-05T14:49:29.743 038.7571 035.2561 349.800 059.100
2019-11-05T14:49:31.743 038.6450 035.2967 349.800 059.200
2019-11-05T14:49:33.743 038.5327 035.3371 349.800 059.300
2019-11-05T14:49:35.743 038.4204 035.3774 349.800 059.400
2019-11-05T14:49:37.743 038.3079 035.4175 349.800 059.500
2019-11-05T14:49:39.743 038.1953 035.4575 349.800 059.600
2019-11-05T14:49:41.743 038.0826 035.4974 349.800 059.700
2019-11-05T14:49:43.743 037.9697 035.5372 349.800 059.800
2019-11-05T14:49:45.743 037.8568 035.5769 349.800 059.900
2019-11-05T14:49:47.743 037.7437 035.6164 349.800 060.000
2019-11-05T14:49:49.743 037.6305 035.6558 349.800 060.100
2019-11-05T14:49:51.743 037.5171 035.6950 349.800 060.200
2019-11-05T14:49:53.743 037.4037 035.7341 349.800 060.300
2019-11-05T14:49:55.743 037.2901 035.7731 349.800 060.400
2019-11-05T14:49:57.743 037.1764 035.8120 349.800 060.500
2019-11-05T14:49:59.743 037.0625 035.8507 349.800 060.600
2019-11-05T14:50:01.421 036.9486 035.8893 349.800 060.700
2019-11-05T14:50:03.421 036.9291 035.8467 349.900 060.700
2019-11-05T14:50:05.421 037.0464 035.8156 349.900 060.600
2019-11-05T14:50:07.421 037.1637 035.7845 349.900 060.500
2019-11-05T14:50:09.421 037.2809 035.7532 349.900 060.400
2019-11-05T14:50:11.421 037.3980 035.7219 349.900 060.300
2019-11-05T14:50:13.421 037.5150 035.6905 349.900 060.200
2019-11-05T14:50:15.421 037.6319 035.6590 349.900 060.100
2019-11-05T14:50:17.421 037.7488 035.6274 349.900 060.000
2019-11-05T14:50:19.421 037.8656 035.5957 349.900 059.900
2019-11-05T14:50:21.421 037.9823 035.5640 349.900 059.800
2019-11-05T14:50:23.421 038.0989 035.5321 349.900 059.700
2019-11-05T14:50:25.421 038.2154 035.5002 349.900 059.600
2019-11-05T14:50:27.421 038.3319 035.4681 349.900 059.500
2019-11-05T14:50:29.421 038.4482 035.4360 349.900 059.400
2019-11-05T14:50:31.421 038.5645 035.4038 349.900 059.300
2019-11-05T14:50:33.421 038.6807 035.3715 349.900 059.200
2019-11-05T14:50:35.421 038.7969 035.3391 349.900 059.100
2019-11-05T14:50:37.421 038.9129 035.3066 349.900 059.000
2019-11-05T14:50:39.421 039.0288 035.2741 349.900 058.900
2019-11-05T14:50:41.421 039.1447 035.2414 349.900 058.800
2019-11-05T14:50:43.421 039.2605 035.2087 349.900 058.700
2019-11-05T14:50:45.421 039.3762 035.1759 349.900 058.600
2019-11-05T14:50:47.421 039.4918 035.1430 349.900 058.500
2019-11-05T14:50:49.421 039.6074 035.1100 349.900 058.400
2019-11-05T14:50:51.421 039.7228 035.0769 349.900 058.300
2019-11-05T14:50:53.421 039.8382 035.0437 349.900 058.200
2019-11-05T14:50:55.421 039.9535 035.0105 349.900 058.100
2019-11-05T14:50:57.421 040.0687 034.9771 349.900 058.000
2019-11-05T14:50:59.421 040.1838 034.9437 349.900 057.900
2019-11-05T14:51:01.421 040.2989 034.9102 349.900 057.800
2019-11-05T14:51:03.421 040.4138 034.8766 349.900 057.700
2019-11-05T14:51:05.421 040.5287 034.8429 349.900 057.600
2019-11-05T14:51:07.421 040.6435 034.8092 349.900 057.500
2019-11-05T14:51:09.099 040.7582 034.7753 349.900 057.400
2019-11-05T14:51:11.099 040.8725 034.7407 349.900 057.300
2019-11-05T14:51:13.099 040.9871 034.7067 349.900 057.200
2019-11-05T14:51:15.099 041.1015 034.6726 349.900 057.100
2019-11-05T14:51:17.099 041.2159 034.6384 349.900 057.000
2019-11-05T14:51:19.099 041.3302 034.6041 349.900 056.900
2019-11-05T14:51:21.099 041.3067 034.5580 350.000 056.900
2019-11-05T14:51:23.099 041.1968 034.6007 350.000 057.000
2019-11-05T14:51:25.099 041.0867 034.6433 350.000 057.100
2019-11-05T14:51:27.099 040.9765 034.6858 350.000 057.200
2019-11-05T14:51:29.099 040.8662 034.7282 350.000 057.300
2019-11-05T14:51:31.099 040.7558 034.7705 350.000 057.400
2019-11-05T14:51:33.099 040.6452 034.8126 350.000 057.500
2019-11-05T14:51:35.099 040.5345 034.8547 350.000 057.600
2019-11-05T14:51:37.099 040.4237 034.8966 350.000 057.700
2019-11-05T14:51:39.099 040.3128 034.9383 350.000 057.800
2019-11-05T14:51:41.099 040.2017 034.9800 350.000 057.900
2019-11-05T14:51:43.099 040.0905 035.0215 350.000 058.000
2019-11-05T14:51:45.099 039.9792 035.0629 350.000 058.100
2019-11-05T14:51:47.099 039.8678 035.1042 350.000 058.200
2019-11-05T14:51:49.099 039.7562 035.1453 350.000 058.300
2019-11-05T14:51:51.099 039.6445 035.1864 350.000 058.400
2019-11-05T14:51:53.099 039.5327 035.2273 350.000 058.500
2019-11-05T14:51:55.099 039.4207 035.2680 350.000 058.600
2019-11-05T14:51:57.099 039.3087 035.3087 350.000 058.700
2019-11-05T14:51:59.099 039.1965 035.3492 350.000 058.800
2019-11-05T14:52:01.099 039.0842 035.3896 350.000 058.900
2019-11-05T14:52:03.099 038.9718 035.4299 350.000 059.000
2019-11-05T14:52:05.099 038.8592 035.4700 350.000 059.100
2019-11-05T14:52:07.099 038.7465 035.5100 350.000 059.200
2019-11-05T14:52:09.099 038.6337 035.5499 350.000 059.300
2019-11-05T14:52:11.099 038.5208 035.5897 350.000 059.400
2019-11-05T14:52:13.099 038.4077 035.6293 350.000 059.500
2019-11-05T14:52:15.099 038.2945 035.6688 350.000 059.600
2019-11-05T14:52:16.776 038.1812 035.7082 350.000 059.700
2019-11-05T14:52:18.776 038.0675 035.7468 350.000 059.800
2019-11-05T14:52:20.776 037.9540 035.7859 350.000 059.900
2019-11-05T14:52:22.776 037.8403 035.8249 350.000 060.000
2019-11-05T14:52:24.776 037.7265 035.8637 350.000 060.100
2019-11-05T14:52:26.776 037.6126 035.9024 350.000 060.200
2019-11-05T14:52:28.776 037.4986 035.9410 350.000 060.300
2019-11-05T14:52:30.776 037.3844 035.9795 350.000 060.400
2019-11-05T14:52:32.776 037.2701 036.0178 350.000 060.500
2019-11-05T14:52:34.776 037.1557 036.0560 350.000 060.600
2019-11-05T14:52:36.776 037.0412 036.0941 350.000 060.700
2019-11-05T14:52:38.776 037.0222 036.0519 350.100 060.700
2019-11-05T14:52:40.776 037.1401 036.0214 350.100 060.600
2019-11-05T14:52:42.776 037.2579 035.9908 350.100 060.500
2019-11-05T14:52:44.776 037.3756 035.9602 350.100 060.400
2019-11-05T14:52:46.776 037.4932 035.9294 350.100 060.300
2019-11-05T14:52:48.776 037.6108 035.8985 350.100 060.200
2019-11-05T14:52:50.776 037.7283 035.8676 350.100 060.100
2019-11-05T14:52:52.776 037.8456 035.8366 350.100 060.000
2019-11-05T14:52:54.776 037.9630 035.8054 350.100 059.900
2019-11-05T14:52:56.776 038.0802 035.7742 350.100 059.800
2019-11-05T14:52:58.776 038.1973 035.7429 350.100 059.700
2019-11-05T14:53:00.776 038.3144 035.7115 350.100 059.600
2019-11-05T14:53:02.776 038.4314 035.6800 350.100 059.500
2019-11-05T14:53:04.776 038.5483 035.6484 350.100 059.400
2019-11-05T14:53:06.776 038.6651 035.6168 350.100 059.300
2019-11-05T14:53:08.776 038.7818 035.5850 350.100 059.200
2019-11-05T14:53:10.776 038.8985 035.5532 350.100 059.100
2019-11-05T14:53:12.776 039.0151 035.5213 350.100 059.000
2019-11-05T14:53:14.776 039.1316 035.4892 350.100 058.900
2019-11-05T14:53:16.776 039.2480 035.4571 350.100 058.800
2019-11-05T14:53:18.776 039.3643 035.4249 350.100 058.700
2019-11-05T14:53:20.776 039.4805 035.3926 350.100 058.600
2019-11-05T14:53:22.776 039.5967 035.3603 350.100 058.500
2019-11-05T14:53:24.454 039.7128 035.3278 350.100 058.400
2019-11-05T14:53:26.454 039.8285 035.2946 350.100 058.300
2019-11-05T14:53:28.454 039.9444 035.2620 350.100 058.200
2019-11-05T14:53:30.454 040.0602 035.2292 350.100 058.100
2019-11-05T14:53:32.454 040.1759 035.1964 350.100 058.000
2019-11-05T14:53:34.454 040.2916 035.1635 350.100 057.900
2019-11-05T14:53:36.454 040.4072 035.1305 350.100 057.800
2019-11-05T14:53:38.454 040.5227 035.0975 350.100 057.700
2019-11-05T14:53:40.454 040.6381 035.0643 350.100 057.600
2019-11-05T14:53:42.454 040.7534 035.0311 350.100 057.500
2019-11-05T14:53:44.454 040.8687 034.9977 350.100 057.400
2019-11-05T14:53:46.454 040.9838 034.9643 350.100 057.300
2019-11-05T14:53:48.454 041.0989 034.9308 350.100 057.200
2019-11-05T14:53:50.454 041.2139 034.8972 350.100 057.100
2019-11-05T14:53:52.454 041.3288 034.8636 350.100 057.000
2019-11-05T14:53:54.454 041.4436 034.8298 350.100 056.900
2019-11-05T14:53:56.454 041.4204 034.7835 350.200 056.900
2019-11-05T14:53:58.454 041.3099 034.8258 350.200 057.000
2019-11-05T14:54:00.454 041.1993 034.8679 350.200 057.100
2019-11-05T14:54:02.454 041.0885 034.9099 350.200 057.200
2019-11-05T14:54:04.454 040.9776 034.9518 350.200 057.300
2019-11-05T14:54:06.454 040.8666 034.9936 350.200 057.400
2019-11-05T14:54:08.454 040.7554 035.0352 350.200 057.500
2019-11-05T14:54:10.454 040.6441 035.0767 350.200 057.600
2019-11-05T14:54:12.454 040.5328 035.1181 350.200 057.700
2019-11-05T14:54:14.454 040.4212 035.1594 350.200 057.800
2019-11-05T14:54:16.454 040.3096 035.2005 350.200 057.900
2019-11-05T14:54:18.454 040.1978 035.2416 350.200 058.000
2019-11-05T14:54:20.454 040.0859 035.2824 350.200 058.100
2019-11-05T14:54:22.454 039.9739 035.3232 350.200 058.200
2019-11-05T14:54:24.454 039.8617 035.3639 350.200 058.300
2019-11-05T14:54:26.454 039.7495 035.4044 350.200 058.400
2019-11-05T14:54:28.454 039.6371 035.4448 350.200 058.500
2019-11-05T14:54:30.454 039.5246 035.4850 350.200 058.600
2019-11-05T14:54:32.132 039.4119 035.5251 350.200 058.700
2019-11-05T14:54:34.132 039.2988 035.5645 350.200 058.800
2019-11-05T14:54:36.132 039.1859 035.6044 350.200 058.900
2019-11-05T14:54:38.132 039.0729 035.6441 350.200 059.000
2019-11-05T14:54:40.132 038.9598 035.6837 350.200 059.100
2019-11-05T14:54:42.132 038.8465 035.7232 350.200 059.200
2019-11-05T14:54:44.132 038.7331 035.7626 350.200 059.300
2019-11-05T14:54:46.132 038.6196 035.8018 350.200 059.400
2019-11-05T14:54:48.132 038.5060 035.8409 350.200 059.500
2019-11-05T14:54:50.132 038.3922 035.8799 350.200 059.600
2019-11-05T14:54:52.132 038.2784 035.9187 350.200 059.700
2019-11-05T14:54:54.132 038.1643 035.9574 350.200 059.800
2019-11-05T14:54:56.132 038.0502 035.9960 350.200 059.900
2019-11-05T14:54:58.132 037.9360 036.0345 350.200 060.000
2019-11-05T14:55:00.132 037.8216 036.0728 350.200 060.100
2019-11-05T14:55:02.132 037.7071 036.1110 350.200 060.200
2019-11-05T14:55:04.132 037.5925 036.1490 350.200 060.300
2019-11-05T14:55:06.132 037.4777 036.1869 350.200 060.400
2019-11-05T14:55:08.132 037.3629 036.2247 350.200 060.500
2019-11-05T14:55:10.132 037.2479 036.2623 350.200 060.600
2019-11-05T14:55:12.132 037.1328 036.2999 350.200 060.700
2019-11-05T14:55:14.132 037.1141 036.2576 350.300 060.700
2019-11-05T14:55:16.132 037.2325 036.2277 350.300 060.600
2019-11-05T14:55:18.132 037.3508 036.1977 350.300 060.500
2019-11-05T14:55:20.132 037.4691 036.1675 350.300 060.400
2019-11-05T14:55:22.132 037.5872 036.1373 350.300 060.300
2019-11-05T14:55:24.132 037.7053 036.1070 350.300 060.200
2019-11-05T14:55:26.132 037.8233 036.0766 350.300 060.100
2019-11-05T14:55:28.132 037.9412 036.0462 350.300 060.000
2019-11-05T14:55:30.132 038.0591 036.0156 350.300 059.900
2019-11-05T14:55:32.132 038.1769 035.9849 350.300 059.800
2019-11-05T14:55:34.132 038.2945 035.9542 350.300 059.700
2019-11-05T14:55:36.132 038.4121 035.9233 350.300 059.600
2019-11-05T14:55:38.132 038.5297 035.8924 350.300 059.500
2019-11-05T14:55:39.809 038.6471 035.8614 350.300 059.400
2019-11-05T14:55:41.809 038.7642 035.8296 350.300 059.300
2019-11-05T14:55:43.809 038.8814 035.7984 350.300 059.200
2019-11-05T14:55:45.809 038.9986 035.7671 350.300 059.100
2019-11-05T14:55:47.809 039.1157 035.7357 350.300 059.000
2019-11-05T14:55:49.809 039.2327 035.7042 350.300 058.900
2019-11-05T14:55:51.809 039.3497 035.6726 350.300 058.800
2019-11-05T14:55:53.809 039.4666 035.6410 350.300 058.700
2019-11-05T14:55:55.809 039.5833 035.6092 350.300 058.600
2019-11-05T14:55:57.809 039.7000 035.5774 350.300 058.500
2019-11-05T14:55:59.809 039.8166 035.5455 350.300 058.400
2019-11-05T14:56:01.809 039.9332 035.5134 350.300 058.300
2019-11-05T14:56:03.809 040.0496 035.4813 350.300 058.200
2019-11-05T14:56:05.809 040.1660 035.4491 350.300 058.100
2019-11-05T14:56:07.809 040.2823 035.4169 350.300 058.000
2019-11-05T14:56:09.809 040.3985 035.3845 350.300 057.900
2019-11-05T14:56:11.809 040.5146 035.3520 350.300 057.800
2019-11-05T14:56:13.809 040.6306 035.3195 350.300 057.700
2019-11-05T14:56:15.809 040.7466 035.2869 350.300 057.600
2019-11-05T14:56:17.809 040.8625 035.2541 350.300 057.500
2019-11-05T14:56:19.809 040.9782 035.2213 350.300 057.400
2019-11-05T14:56:21.809 041.0939 035.1884 350.300 057.300
2019-11-05T14:56:23.809 041.2096 035.1554 350.300 057.200
2019-11-05T14:56:25.809 041.3251 035.1224 350.300 057.100
2019-11-05T14:56:27.809 041.4405 035.0892 350.300 057.000
2019-11-05T14:56:29.809 041.5559 035.0560 350.300 056.900
2019-11-05T14:56:31.809 041.5330 035.0096 350.400 056.900
2019-11-05T14:56:33.809 041.4218 035.0513 350.400 057.000
2019-11-05T14:56:35.809 041.3106 035.0930 350.400 057.100
2019-11-05T14:56:37.809 041.1993 035.1345 350.400 057.200
2019-11-05T14:56:39.809 041.0878 035.1759 350.400 057.300
2019-11-05T14:56:41.809 040.9762 035.2171 350.400 057.400
2019-11-05T14:56:43.809 040.8644 035.2583 350.400 057.500
2019-11-05T14:56:45.809 040.7526 035.2993 350.400 057.600
2019-11-05T14:56:47.487 040.6406 035.3402 350.400 057.700
2019-11-05T14:56:49.487 040.5282 035.3803 350.400 057.800
2019-11-05T14:56:51.487 040.4159 035.4209 350.400 057.900
2019-11-05T14:56:53.487 040.3036 035.4614 350.400 058.000
2019-11-05T14:56:55.487 040.1911 035.5018 350.400 058.100
2019-11-05T14:56:57.487 040.0785 035.5421 350.400 058.200
2019-11-05T14:56:59.487 039.9658 035.5822 350.400 058.300
2019-11-05T14:57:01.487 039.8529 035.6222 350.400 058.400
2019-11-05T14:57:03.487 039.7399 035.6621 350.400 058.500
2019-11-05T14:57:05.487 039.6268 035.7018 350.400 058.600
2019-11-05T14:57:07.487 039.5136 035.7414 350.400 058.700
2019-11-05T14:57:09.487 039.4002 035.7809 350.400 058.800
2019-11-05T14:57:11.487 039.2868 035.8202 350.400 058.900
2019-11-05T14:57:13.487 039.1732 035.8595 350.400 059.000
2019-11-05T14:57:15.487 039.0594 035.8986 350.400 059.100
2019-11-05T14:57:17.487 038.9456 035.9375 350.400 059.200
2019-11-05T14:57:19.487 038.8316 035.9764 350.400 059.300
2019-11-05T14:57:21.487 038.7175 036.0151 350.400 059.400
2019-11-05T14:57:23.487 038.6033 036.0536 350.400 059.500
2019-11-05T14:57:25.487 038.4890 036.0921 350.400 059.600
2019-11-05T14:57:27.487 038.3745 036.1304 350.400 059.700
2019-11-05T14:57:29.487 038.2599 036.1685 350.400 059.800
2019-11-05T14:57:31.487 038.1452 036.2066 350.400 059.900
2019-11-05T14:57:33.487 038.0304 036.2445 350.400 060.000
2019-11-05T14:57:35.487 037.9154 036.2823 350.400 060.100
2019-11-05T14:57:37.487 037.8004 036.3199 350.400 060.200
2019-11-05T14:57:39.487 037.6852 036.3574 350.400 060.300
2019-11-05T14:57:41.487 037.5698 036.3948 350.400 060.400
2019-11-05T14:57:43.487 037.4544 036.4320 350.400 060.500
2019-11-05T14:57:45.487 037.3388 036.4691 350.400 060.600
2019-11-05T14:57:47.487 037.2231 036.5061 350.400 060.700
2019-11-05T14:57:49.487 037.2047 036.4637 350.500 060.700
2019-11-05T14:57:51.487 037.3236 036.4344 350.500 060.600
2019-11-05T14:57:53.487 037.4425 036.4049 350.500 060.500
2019-11-05T14:57:55.164 037.5613 036.3754 350.500 060.400
2019-11-05T14:57:57.164 037.6797 036.3451 350.500 060.300
2019-11-05T14:57:59.164 037.7983 036.3153 350.500 060.200
2019-11-05T14:58:01.164 037.9168 036.2855 350.500 060.100
2019-11-05T14:58:03.164 038.0353 036.2556 350.500 060.000
2019-11-05T14:58:05.164 038.1537 036.2256 350.500 059.900
2019-11-05T14:58:07.164 038.2720 036.1955 350.500 059.800
2019-11-05T14:58:09.164 038.3902 036.1652 350.500 059.700
2019-11-05T14:58:11.164 038.5083 036.1350 350.500 059.600
2019-11-05T14:58:13.164 038.6264 036.1046 350.500 059.500
2019-11-05T14:58:15.164 038.7444 036.0741 350.500 059.400
2019-11-05T14:58:17.164 038.8623 036.0435 350.500 059.300
2019-11-05T14:58:19.164 038.9801 036.0128 350.500 059.200
2019-11-05T14:58:21.164 039.0978 035.9821 350.500 059.100
2019-11-05T14:58:23.164 039.2154 035.9512 350.500 059.000
2019-11-05T14:58:25.164 039.3330 035.9203 350.500 058.900
2019-11-05T14:58:27.164 039.4505 035.8893 350.500 058.800
2019-11-05T14:58:29.164 039.5679 035.8581 350.500 058.700
2019-11-05T14:58:31.164 039.6852 035.8269 350.500 058.600
2019-11-05T14:58:33.164 039.8024 035.7956 350.500 058.500
2019-11-05T14:58:35.164 039.9196 035.7642 350.500 058.400
2019-11-05T14:58:37.164 040.0367 035.7328 350.500 058.300
2019-11-05T14:58:39.164 040.1537 035.7012 350.500 058.200
2019-11-05T14:58:41.164 040.2706 035.6695 350.500 058.100
2019-11-05T14:58:43.164 040.3874 035.6378 350.500 058.000
2019-11-05T14:58:45.164 040.5041 035.6059 350.500 057.900
2019-11-05T14:58:47.164 040.6208 035.5740 350.500 057.800
2019-11-05T14:58:49.164 040.7374 035.5420 350.500 057.700
2019-11-05T14:58:51.164 040.8539 035.5099 350.500 057.600
2019-11-05T14:58:53.164 040.9703 035.4777 350.500 057.500
2019-11-05T14:58:55.164 041.0866 035.4454 350.500 057.400
2019-11-05T14:58:57.164 041.2028 035.4130 350.500 057.300
2019-11-05T14:58:59.164 041.3190 035.3806 350.500 057.200
2019-11-05T14:59:01.164 041.4351 035.3480 350.500 057.100
2019-11-05T14:59:02.842 041.5511 035.3154 350.500 057.000
2019-11-05T14:59:04.842 041.6667 035.2820 350.500 056.900
2019-11-05T14:59:06.842 041.6440 035.2355 350.600 056.900
2019-11-05T14:59:08.842 041.5323 035.2767 350.600 057.000
2019-11-05T14:59:10.842 041.4204 035.3179 350.600 057.100
2019-11-05T14:59:12.842 041.3085 035.3589 350.600 057.200
2019-11-05T14:59:14.842 041.1964 035.3998 350.600 057.300
2019-11-05T14:59:16.842 041.0842 035.4405 350.600 057.400
2019-11-05T14:59:18.842 040.9719 035.4812 350.600 057.500
2019-11-05T14:59:20.842 040.8595 035.5217 350.600 057.600
2019-11-05T14:59:22.842 040.7469 035.5621 350.600 057.700
2019-11-05T14:59:24.842 040.6342 035.6023 350.600 057.800
2019-11-05T14:59:26.842 040.5214 035.6424 350.600 057.900
2019-11-05T14:59:28.842 040.4084 035.6824 350.600 058.000
2019-11-05T14:59:30.842 040.2954 035.7223 350.600 058.100
2019-11-05T14:59:32.842 040.1822 035.7620 350.600 058.200
2019-11-05T14:59:34.842 040.0689 035.8017 350.600 058.300
2019-11-05T14:59:36.842 039.9554 035.8411 350.600 058.400
2019-11-05T14:59:38.842 039.8419 035.8805 350.600 058.500
2019-11-05T14:59:40.842 039.7282 035.9197 350.600 058.600
2019-11-05T14:59:42.842 039.6144 035.9588 350.600 058.700
2019-11-05T14:59:44.842 039.5004 035.9978 350.600 058.800
2019-11-05T14:59:46.842 039.3864 036.0366 350.600 058.900
2019-11-05T14:59:48.842 039.2722 036.0753 350.600 059.000
2019-11-05T14:59:50.842 039.1579 036.1138 350.600 059.100
2019-11-05T14:59:52.842 039.0434 036.1523 350.600 059.200
2019-11-05T14:59:54.842 038.9289 036.1906 350.600 059.300
2019-11-05T14:59:56.842 038.8142 036.2287 350.600 059.400
2019-11-05T14:59:58.842 038.6994 036.2668 350.600 059.500
2019-11-05T15:00:00.842 038.5845 036.3047 350.600 059.600
2019-11-05T15:00:02.842 038.4694 036.3425 350.600 059.700
2019-11-05T15:00:04.842 038.3543 036.3801 350.600 059.800
2019-11-05T15:00:06.842 038.2390 036.4176 350.600 059.900
2019-11-05T15:00:08.842 038.1235 036.4550 350.600 060.000
2019-11-05T15:00:10.520 038.0080 036.4922 350.600 060.100
2019-11-05T15:00:12.520 037.8921 036.5287 350.600 060.200
2019-11-05T15:00:14.520 037.7763 036.5656 350.600 060.300
2019-11-05T15:00:16.520 037.6604 036.6024 350.600 060.400
2019-11-05T15:00:18.520 037.5444 036.6391 350.600 060.500
2019-11-05T15:00:20.520 037.4282 036.6757 350.600 060.600
2019-11-05T15:00:22.520 037.3120 036.7121 350.600 060.700
2019-11-05T15:00:24.520 037.2937 036.6697 350.700 060.700
2019-11-05T15:00:26.520 037.4132 036.6409 350.700 060.600
2019-11-05T15:00:28.520 037.5326 036.6120 350.700 060.500
2019-11-05T15:00:30.520 037.6519 036.5830 350.700 060.400
2019-11-05T15:00:32.520 037.7712 036.5539 350.700 060.300
2019-11-05T15:00:34.520 037.8903 036.5247 350.700 060.200
2019-11-05T15:00:36.520 038.0094 036.4954 350.700 060.100
2019-11-05T15:00:38.520 038.1284 036.4661 350.700 060.000
2019-11-05T15:00:40.520 038.2473 036.4366 350.700 059.900
2019-11-05T15:00:42.520 038.3661 036.4071 350.700 059.800
2019-11-05T15:00:44.520 038.4849 036.3774 350.700 059.700
2019-11-05T15:00:46.520 038.6036 036.3477 350.700 059.600
2019-11-05T15:00:48.520 038.7222 036.3178 350.700 059.500
2019-11-05T15:00:50.520 038.8407 036.2879 350.700 059.400
2019-11-05T15:00:52.520 038.9591 036.2579 350.700 059.300
2019-11-05T15:00:54.520 039.0775 036.2278 350.700 059.200
2019-11-05T15:00:56.520 039.1957 036.1975 350.700 059.100
2019-11-05T15:00:58.520 039.3139 036.1672 350.700 059.000
2019-11-05T15:01:00.520 039.4320 036.1368 350.700 058.900
2019-11-05T15:01:02.520 039.5500 036.1064 350.700 058.800
2019-11-05T15:01:04.520 039.6680 036.0758 350.700 058.700
2019-11-05T15:01:06.520 039.7858 036.0451 350.700 058.600
2019-11-05T15:01:08.520 039.9036 036.0143 350.700 058.500
2019-11-05T15:01:10.520 040.0213 035.9835 350.700 058.400
2019-11-05T15:01:12.520 040.1389 035.9525 350.700 058.300
2019-11-05T15:01:14.520 040.2565 035.9215 350.700 058.200
2019-11-05T15:01:16.520 040.3739 035.8904 350.700 058.100
2019-11-05T15:01:18.197 040.4913 035.8592 350.700 058.000
2019-11-05T15:01:20.197 040.6083 035.8272 350.700 057.900
2019-11-05T15:01:22.197 040.7255 035.7958 350.700 057.800
2019-11-05T15:01:24.197 040.8426 035.7643 350.700 057.700
2019-11-05T15:01:26.197 040.9596 035.7327 350.700 057.600
2019-11-05T15:01:28.197 041.0766 035.7010 350.700 057.500
2019-11-05T15:01:30.197 041.1934 035.6693 350.700 057.400
2019-11-05T15:01:32.197 041.3102 035.6374 350.700 057.300
2019-11-05T15:01:34.197 041.4269 035.6055 350.700 057.200
2019-11-05T15:01:36.197 041.5436 035.5735 350.700 057.100
2019-11-05T15:01:38.197 041.6601 035.5413 350.700 057.000
2019-11-05T15:01:40.197 041.7765 035.5091 350.700 056.900
2019-11-05T15:01:42.197 041.7541 035.4625 350.800 056.900
2019-11-05T15:01:44.197 041.6418 035.5033 350.800 057.000
2019-11-05T15:01:46.197 041.5294 035.5439 350.800 057.100
2019-11-05T15:01:48.197 041.4169 035.5844 350.800 057.200
2019-11-05T15:01:50.197 041.3042 035.6248 350.800 057.300
2019-11-05T15:01:52.197 041.1914 035.6651 350.800 057.400
2019-11-05T15:01:54.197 041.0785 035.7052 350.800 057.500
2019-11-05T15:01:56.197 040.9655 035.7452 350.800 057.600
2019-11-05T15:01:58.197 040.8523 035.7851 350.800 057.700
2019-11-05T15:02:00.197 040.7390 035.8248 350.800 057.800
2019-11-05T15:02:02.197 040.6256 035.8644 350.800 057.900
2019-11-05T15:02:04.197 040.5121 035.9039 350.800 058.000
2019-11-05T15:02:06.197 040.3984 035.9433 350.800 058.100
2019-11-05T15:02:08.197 040.2846 035.9825 350.800 058.200
2019-11-05T15:02:10.197 040.1707 036.0216 350.800 058.300
2019-11-05T15:02:12.197 040.0567 036.0605 350.800 058.400
2019-11-05T15:02:14.197 039.9426 036.0994 350.800 058.500
2019-11-05T15:02:16.197 039.8283 036.1381 350.800 058.600
2019-11-05T15:02:18.197 039.7139 036.1766 350.800 058.700
2019-11-05T15:02:20.197 039.5993 036.2151 350.800 058.800
2019-11-05T15:02:22.197 039.4847 036.2534 350.800 058.900
2019-11-05T15:02:24.197 039.3699 036.2915 350.800 059.000
2019-11-05T15:02:25.875 039.2550 036.3296 350.800 059.100
2019-11-05T15:02:27.875 039.1397 036.3668 350.800 059.200
2019-11-05T15:02:29.875 039.0246 036.4046 350.800 059.300
2019-11-05T15:02:31.875 038.9093 036.4422 350.800 059.400
2019-11-05T15:02:33.875 038.7939 036.4797 350.800 059.500
2019-11-05T15:02:35.875 038.6784 036.5171 350.800 059.600
2019-11-05T15:02:37.875 038.5628 036.5543 350.800 059.700
2019-11-05T15:02:39.875 038.4470 036.5914 350.800 059.800
2019-11-05T15:02:41.875 038.3311 036.6284 350.800 059.900
2019-11-05T15:02:43.875 038.2151 036.6652 350.800 060.000
2019-11-05T15:02:45.875 038.0990 036.7019 350.800 060.100
2019-11-05T15:02:47.875 037.9828 036.7385 350.800 060.200
2019-11-05T15:02:49.875 037.8664 036.7749 350.800 060.300
2019-11-05T15:02:51.875 037.7499 036.8112 350.800 060.400
2019-11-05T15:02:53.875 037.6333 036.8473 350.800 060.500
2019-11-05T15:02:55.875 037.5166 036.8833 350.800 060.600
2019-11-05T15:02:57.875 037.3998 036.9192 350.800 060.700
2019-11-05T15:02:59.875 037.3818 036.8767 350.900 060.700
2019-11-05T15:03:01.875 037.5018 036.8484 350.900 060.600
2019-11-05T15:03:03.875 037.6217 036.8201 350.900 060.500
2019-11-05T15:03:05.875 037.7416 036.7917 350.900 060.400
2019-11-05T15:03:07.875 037.8614 036.7631 350.900 060.300
2019-11-05T15:03:09.875 037.9811 036.7345 350.900 060.200
2019-11-05T15:03:11.875 038.1007 036.7058 350.900 060.100
2019-11-05T15:03:13.875 038.2202 036.6770 350.900 060.000
2019-11-05T15:03:15.875 038.3397 036.6481 350.900 059.900
2019-11-05T15:03:17.875 038.4590 036.6191 350.900 059.800
2019-11-05T15:03:19.875 038.5783 036.5900 350.900 059.700
2019-11-05T15:03:21.875 038.6975 036.5608 350.900 059.600
2019-11-05T15:03:23.875 038.8167 036.5315 350.900 059.500
2019-11-05T15:03:25.875 038.9357 036.5021 350.900 059.400
2019-11-05T15:03:27.875 039.0547 036.4727 350.900 059.300
2019-11-05T15:03:29.875 039.1736 036.4431 350.900 059.200
2019-11-05T15:03:31.875 039.2924 036.4134 350.900 059.100
2019-11-05T15:03:33.553 039.4111 036.3837 350.900 059.000
2019-11-05T15:03:35.553 039.5295 036.3532 350.900 058.900
2019-11-05T15:03:37.553 039.6480 036.3232 350.900 058.800
2019-11-05T15:03:39.553 039.7665 036.2932 350.900 058.700
2019-11-05T15:03:41.553 039.8849 036.2631 350.900 058.600
2019-11-05T15:03:43.553 040.0032 036.2329 350.900 058.500
2019-11-05T15:03:45.553 040.1215 036.2025 350.900 058.400
2019-11-05T15:03:47.553 040.2396 036.1721 350.900 058.300
2019-11-05T15:03:49.553 040.3577 036.1416 350.900 058.200
2019-11-05T15:03:51.553 040.4757 036.1110 350.900 058.100
2019-11-05T15:03:53.553 040.5936 036.0803 350.900 058.000
2019-11-05T15:03:55.553 040.7115 036.0496 350.900 057.900
2019-11-05T15:03:57.553 040.8292 036.0187 350.900 057.800
2019-11-05T15:03:59.553 040.9469 035.9877 350.900 057.700
2019-11-05T15:04:01.553 041.0644 035.9567 350.900 057.600
2019-11-05T15:04:03.553 041.1819 035.9255 350.900 057.500
2019-11-05T15:04:05.553 041.2994 035.8943 350.900 057.400
2019-11-05T15:04:07.553 041.4167 035.8630 350.900 057.300
2019-11-05T15:04:09.553 041.5340 035.8316 350.900 057.200
2019-11-05T15:04:11.553 041.6511 035.8001 350.900 057.100
2019-11-05T15:04:13.553 041.7682 035.7685 350.900 057.000
2019-11-05T15:04:15.553 041.8852 035.7368 350.900 056.900
2019-11-05T15:04:17.553 041.8630 035.6901 351.000 056.900
2019-11-05T15:04:19.553 041.7501 035.7303 351.000 057.000
2019-11-05T15:04:21.553 041.6371 035.7705 351.000 057.100
2019-11-05T15:04:23.553 041.5240 035.8105 351.000 057.200
2019-11-05T15:04:25.553 041.4107 035.8504 351.000 057.300
2019-11-05T15:04:27.553 041.2974 035.8901 351.000 057.400
2019-11-05T15:04:29.553 041.1839 035.9297 351.000 057.500
2019-11-05T15:04:31.553 041.0702 035.9692 351.000 057.600
2019-11-05T15:04:33.553 040.9565 036.0086 351.000 057.700
2019-11-05T15:04:35.553 040.8426 036.0478 351.000 057.800
2019-11-05T15:04:37.553 040.7286 036.0869 351.000 057.900
2019-11-05T15:04:39.553 040.6145 036.1259 351.000 058.000
2019-11-05T15:04:41.230 040.5002 036.1647 351.000 058.100
2019-11-05T15:04:43.230 040.3856 036.2027 351.000 058.200
2019-11-05T15:04:45.230 040.2711 036.2413 351.000 058.300
2019-11-05T15:04:47.230 040.1564 036.2798 351.000 058.400
2019-11-05T15:04:49.230 040.0417 036.3181 351.000 058.500
2019-11-05T15:04:51.230 039.9268 036.3562 351.000 058.600
2019-11-05T15:04:53.230 039.8118 036.3943 351.000 058.700
2019-11-05T15:04:55.230 039.6967 036.4322 351.000 058.800
2019-11-05T15:04:57.230 039.5815 036.4700 351.000 058.900
2019-11-05T15:04:59.230 039.4661 036.5076 351.000 059.000
2019-11-05T15:05:01.230 039.3506 036.5451 351.000 059.100
2019-11-05T15:05:03.230 039.2350 036.5825 351.000 059.200
2019-11-05T15:05:05.230 039.1193 036.6197 351.000 059.300
2019-11-05T15:05:07.230 039.0034 036.6568 351.000 059.400
2019-11-05T15:05:09.230 038.8875 036.6938 351.000 059.500
2019-11-05T15:05:11.230 038.7714 036.7306 351.000 059.600
2019-11-05T15:05:13.230 038.6551 036.7673 351.000 059.700
2019-11-05T15:05:15.230 038.5388 036.8038 351.000 059.800
2019-11-05T15:05:17.230 038.4223 036.8403 351.000 059.900
2019-11-05T15:05:19.230 038.3057 036.8765 351.000 060.000
2019-11-05T15:05:21.230 038.1890 036.9127 351.000 060.100
2019-11-05T15:05:23.230 038.0722 036.9487 351.000 060.200
2019-11-05T15:05:25.230 037.9553 036.9846 351.000 060.300
2019-11-05T15:05:27.230 037.8382 037.0203 351.000 060.400
2019-11-05T15:05:29.230 037.7210 037.0559 351.000 060.500
2019-11-05T15:05:31.230 037.6037 037.0913 351.000 060.600
2019-11-05T15:05:33.230 037.4863 037.1266 351.000 060.700
2019-11-05T15:05:35.230 037.4686 037.0840 351.100 060.700
2019-11-05T15:05:37.230 037.5891 037.0564 351.100 060.600
2019-11-05T15:05:39.230 037.7096 037.0286 351.100 060.500
2019-11-05T15:05:41.230 037.8300 037.0008 351.100 060.400
2019-11-05T15:05:43.230 037.9503 036.9728 351.100 060.300
2019-11-05T15:05:45.230 038.0705 036.9447 351.100 060.200
2019-11-05T15:05:47.230 038.1907 036.9166 351.100 060.100
2019-11-05T15:05:48.908 038.3107 036.8883 351.100 060.000
2019-11-05T15:05:50.908 038.4305 036.8594 351.100 059.900
2019-11-05T15:05:52.908 038.5504 036.8309 351.100 059.800
2019-11-05T15:05:54.908 038.6702 036.8024 351.100 059.700
2019-11-05T15:05:56.908 038.7900 036.7738 351.100 059.600
2019-11-05T15:05:58.908 038.9096 036.7450 351.100 059.500
2019-11-05T15:06:00.908 039.0292 036.7162 351.100 059.400
2019-11-05T15:06:02.908 039.1487 036.6873 351.100 059.300
2019-11-05T15:06:04.908 039.2682 036.6583 351.100 059.200
2019-11-05T15:06:06.908 039.3875 036.6291 351.100 059.100
2019-11-05T15:06:08.908 039.5068 036.5999 351.100 059.000
2019-11-05T15:06:10.908 039.6260 036.5706 351.100 058.900
2019-11-05T15:06:12.908 039.7451 036.5412 351.100 058.800
2019-11-05T15:06:14.908 039.8641 036.5117 351.100 058.700
2019-11-05T15:06:16.908 039.9831 036.4822 351.100 058.600
2019-11-05T15:06:18.908 040.1019 036.4525 351.100 058.500
2019-11-05T15:06:20.908 040.2207 036.4227 351.100 058.400
2019-11-05T15:06:22.908 040.3394 036.3928 351.100 058.300
2019-11-05T15:06:24.908 040.4580 036.3629 351.100 058.200
2019-11-05T15:06:26.908 040.5766 036.3328 351.100 058.100
2019-11-05T15:06:28.908 040.6950 036.3027 351.100 058.000
2019-11-05T15:06:30.908 040.8134 036.2724 351.100 057.900
2019-11-05T15:06:32.908 040.9317 036.2421 351.100 057.800
2019-11-05T15:06:34.908 041.0499 036.2117 351.100 057.700
2019-11-05T15:06:36.908 041.1680 036.1811 351.100 057.600
2019-11-05T15:06:38.908 041.2861 036.1505 351.100 057.500
2019-11-05T15:06:40.908 041.4041 036.1198 351.100 057.400
2019-11-05T15:06:42.908 041.5219 036.0890 351.100 057.300
2019-11-05T15:06:44.908 041.6397 036.0581 351.100 057.200
2019-11-05T15:06:46.908 041.7575 036.0271 351.100 057.100
2019-11-05T15:06:48.908 041.8751 035.9961 351.100 057.000
2019-11-05T15:06:50.908 041.9927 035.9649 351.100 056.900
2019-11-05T15:06:52.908 041.9707 035.9181 351.200 056.900
2019-11-05T15:06:54.908 041.8572 035.9579 351.200 057.000
2019-11-05T15:06:56.586 041.7436 035.9975 351.200 057.100
2019-11-05T15:06:58.586 041.6296 036.0363 351.200 057.200
2019-11-05T15:07:00.586 041.5157 036.0757 351.200 057.300
2019-11-05T15:07:02.586 041.4018 036.1149 351.200 057.400
2019-11-05T15:07:04.586 041.2877 036.1540 351.200 057.500
2019-11-05T15:07:06.586 041.1735 036.1930 351.200 057.600
2019-11-05T15:07:08.586 041.0591 036.2318 351.200 057.700
2019-11-05T15:07:10.586 040.9446 036.2706 351.200 057.800
2019-11-05T15:07:12.586 040.8300 036.3091 351.200 057.900
2019-11-05T15:07:14.586 040.7153 036.3476 351.200 058.000
2019-11-05T15:07:16.586 040.6005 036.3859 351.200 058.100
2019-11-05T15:07:18.586 040.4855 036.4241 351.200 058.200
2019-11-05T15:07:20.586 040.3704 036.4622 351.200 058.300
2019-11-05T15:07:22.586 040.2552 036.5001 351.200 058.400
2019-11-05T15:07:24.586 040.1399 036.5379 351.200 058.500
2019-11-05T15:07:26.586 040.0244 036.5755 351.200 058.600
2019-11-05T15:07:28.586 039.9088 036.6130 351.200 058.700
2019-11-05T15:07:30.586 039.7931 036.6504 351.200 058.800
2019-11-05T15:07:32.586 039.6773 036.6876 351.200 058.900
2019-11-05T15:07:34.586 039.5613 036.7247 351.200 059.000
2019-11-05T15:07:36.586 039.4453 036.7617 351.200 059.100
2019-11-05T15:07:38.586 039.3291 036.7986 351.200 059.200
2019-11-05T15:07:40.586 039.2127 036.8353 351.200 059.300
2019-11-05T15:07:42.586 039.0963 036.8718 351.200 059.400
2019-11-05T15:07:44.586 038.9797 036.9082 351.200 059.500
2019-11-05T15:07:46.586 038.8630 036.9445 351.200 059.600
2019-11-05T15:07:48.586 038.7462 036.9807 351.200 059.700
2019-11-05T15:07:50.586 038.6293 037.0167 351.200 059.800
2019-11-05T15:07:52.586 038.5122 037.0526 351.200 059.900
2019-11-05T15:07:54.586 038.3951 037.0883 351.200 060.000
2019-11-05T15:07:56.586 038.2778 037.1239 351.200 060.100
2019-11-05T15:07:58.586 038.1603 037.1593 351.200 060.200
2019-11-05T15:08:00.586 038.0428 037.1947 351.200 060.300
2019-11-05T15:08:02.586 037.9251 037.2298 351.200 060.400
2019-11-05T15:08:04.263 037.8074 037.2649 351.200 060.500
2019-11-05T15:08:06.263 037.6892 037.2991 351.200 060.600
2019-11-05T15:08:08.263 037.5712 037.3339 351.200 060.700
2019-11-05T15:08:10.263 037.5538 037.2912 351.300 060.700
2019-11-05T15:08:12.263 037.6749 037.2641 351.300 060.600
2019-11-05T15:08:14.263 037.7959 037.2369 351.300 060.500
2019-11-05T15:08:16.263 037.9168 037.2096 351.300 060.400
2019-11-05T15:08:18.263 038.0376 037.1822 351.300 060.300
2019-11-05T15:08:20.263 038.1584 037.1547 351.300 060.200
2019-11-05T15:08:22.263 038.2791 037.1272 351.300 060.100
2019-11-05T15:08:24.263 038.3997 037.0995 351.300 060.000
2019-11-05T15:08:26.263 038.5202 037.0717 351.300 059.900
2019-11-05T15:08:28.263 038.6407 037.0438 351.300 059.800
2019-11-05T15:08:30.263 038.7611 037.0158 351.300 059.700
2019-11-05T15:08:32.263 038.8814 036.9878 351.300 059.600
2019-11-05T15:08:34.263 039.0016 036.9596 351.300 059.500
2019-11-05T15:08:36.263 039.1217 036.9313 351.300 059.400
2019-11-05T15:08:38.263 039.2418 036.9029 351.300 059.300
2019-11-05T15:08:40.263 039.3617 036.8745 351.300 059.200
2019-11-05T15:08:42.263 039.4816 036.8459 351.300 059.100
2019-11-05T15:08:44.263 039.6014 036.8173 351.300 059.000
2019-11-05T15:08:46.263 039.7212 036.7885 351.300 058.900
2019-11-05T15:08:48.263 039.8408 036.7597 351.300 058.800
2019-11-05T15:08:50.263 039.9604 036.7307 351.300 058.700
2019-11-05T15:08:52.263 040.0799 036.7017 351.300 058.600
2019-11-05T15:08:54.263 040.1993 036.6725 351.300 058.500
2019-11-05T15:08:56.263 040.3187 036.6433 351.300 058.400
2019-11-05T15:08:58.263 040.4379 036.6140 351.300 058.300
2019-11-05T15:09:00.263 040.5571 036.5846 351.300 058.200
2019-11-05T15:09:02.263 040.6762 036.5550 351.300 058.100
2019-11-05T15:09:04.263 040.7952 036.5254 351.300 058.000
2019-11-05T15:09:06.263 040.9141 036.4957 351.300 057.900
2019-11-05T15:09:08.263 041.0329 036.4659 351.300 057.800
2019-11-05T15:09:10.263 041.1517 036.4360 351.300 057.700
2019-11-05T15:09:11.941 041.2704 036.4060 351.300 057.600
2019-11-05T15:09:13.941 041.3887 036.3753 351.300 057.500
2019-11-05T15:09:15.941 041.5072 036.3451 351.300 057.400
2019-11-05T15:09:17.941 041.6256 036.3148 351.300 057.300
2019-11-05T15:09:19.941 041.7440 036.2845 351.300 057.200
2019-11-05T15:09:21.941 041.8623 036.2540 351.300 057.100
2019-11-05T15:09:23.941 041.9804 036.2234 351.300 057.000
2019-11-05T15:09:25.941 042.0985 036.1928 351.300 056.900
2019-11-05T15:09:27.941 042.0768 036.1459 351.400 056.900
2019-11-05T15:09:29.941 041.9628 036.1852 351.400 057.000
2019-11-05T15:09:31.941 041.8486 036.2243 351.400 057.100
2019-11-05T15:09:33.941 041.7343 036.2633 351.400 057.200
2019-11-05T15:09:35.941 041.6198 036.3021 351.400 057.300
2019-11-05T15:09:37.941 041.5052 036.3409 351.400 057.400
2019-11-05T15:09:39.941 041.3906 036.3795 351.400 057.500
2019-11-05T15:09:41.941 041.2757 036.4179 351.400 057.600
2019-11-05T15:09:43.941 041.1608 036.4563 351.400 057.700
2019-11-05T15:09:45.941 041.0457 036.4945 351.400 057.800
2019-11-05T15:09:47.941 040.9305 036.5325 351.400 057.900
2019-11-05T15:09:49.941 040.8152 036.5705 351.400 058.000
2019-11-05T15:09:51.941 040.6998 036.6083 351.400 058.100
2019-11-05T15:09:53.941 040.5842 036.6459 351.400 058.200
2019-11-05T15:09:55.941 040.4685 036.6834 351.400 058.300
2019-11-05T15:09:57.941 040.3527 036.7208 351.400 058.400
2019-11-05T15:09:59.941 040.2368 036.7581 351.400 058.500
2019-11-05T15:10:01.941 040.1207 036.7952 351.400 058.600
2019-11-05T15:10:03.941 040.0045 036.8322 351.400 058.700
2019-11-05T15:10:05.941 039.8882 036.8690 351.400 058.800
2019-11-05T15:10:07.941 039.7718 036.9058 351.400 058.900
2019-11-05T15:10:09.941 039.6553 036.9423 351.400 059.000
2019-11-05T15:10:11.941 039.5386 036.9788 351.400 059.100
2019-11-05T15:10:13.941 039.4218 037.0151 351.400 059.200
2019-11-05T15:10:15.941 039.3049 037.0512 351.400 059.300
2019-11-05T15:10:17.941 039.1878 037.0872 351.400 059.400
2019-11-05T15:10:19.618 039.0707 037.1231 351.400 059.500
2019-11-05T15:10:21.618 038.9531 037.1582 351.400 059.600
2019-11-05T15:10:23.618 038.8357 037.1938 351.400 059.700
2019-11-05T15:10:25.618 038.7182 037.2293 351.400 059.800
2019-11-05T15:10:27.618 038.6006 037.2646 351.400 059.900
2019-11-05T15:10:29.618 038.4828 037.2998 351.400 060.000
2019-11-05T15:10:31.618 038.3649 037.3349 351.400 060.100
2019-11-05T15:10:33.618 038.2469 037.3698 351.400 060.200
2019-11-05T15:10:35.618 038.1288 037.4045 351.400 060.300
2019-11-05T15:10:37.618 038.0105 037.4391 351.400 060.400
2019-11-05T15:10:39.618 037.8922 037.4736 351.400 060.500
2019-11-05T15:10:41.618 037.7737 037.5080 351.400 060.600
2019-11-05T15:10:43.618 037.6551 037.5422 351.400 060.700
2019-11-05T15:10:45.618 037.6379 037.4994 351.500 060.700
2019-11-05T15:10:47.618 037.7596 037.4729 351.500 060.600
2019-11-05T15:10:49.618 037.8811 037.4463 351.500 060.500
2019-11-05T15:10:51.618 038.0026 037.4195 351.500 060.400
2019-11-05T15:10:53.618 038.1239 037.3927 351.500 060.300
2019-11-05T15:10:55.618 038.2453 037.3658 351.500 060.200
2019-11-05T15:10:57.618 038.3665 037.3388 351.500 060.100
2019-11-05T15:10:59.618 038.4876 037.3117 351.500 060.000
2019-11-05T15:11:01.618 038.6087 037.2844 351.500 059.900
2019-11-05T15:11:03.618 038.7297 037.2571 351.500 059.800
2019-11-05T15:11:05.618 038.8506 037.2297 351.500 059.700
2019-11-05T15:11:07.618 038.9715 037.2022 351.500 059.600
2019-11-05T15:11:09.618 039.0922 037.1746 351.500 059.500
2019-11-05T15:11:11.618 039.2129 037.1469 351.500 059.400
2019-11-05T15:11:13.618 039.3335 037.1191 351.500 059.300
2019-11-05T15:11:15.618 039.4540 037.0911 351.500 059.200
2019-11-05T15:11:17.618 039.5745 037.0631 351.500 059.100
2019-11-05T15:11:19.618 039.6948 037.0350 351.500 059.000
2019-11-05T15:11:21.618 039.8151 037.0068 351.500 058.900
2019-11-05T15:11:23.618 039.9353 036.9785 351.500 058.800
2019-11-05T15:11:25.618 040.0554 036.9501 351.500 058.700
2019-11-05T15:11:27.296 040.1755 036.9216 351.500 058.600
2019-11-05T15:11:29.296 040.2952 036.8924 351.500 058.500
2019-11-05T15:11:31.296 040.4150 036.8637 351.500 058.400
2019-11-05T15:11:33.296 040.5348 036.8349 351.500 058.300
2019-11-05T15:11:35.296 040.6546 036.8060 351.500 058.200
2019-11-05T15:11:37.296 040.7742 036.7770 351.500 058.100
2019-11-05T15:11:39.296 040.8938 036.7480 351.500 058.000
2019-11-05T15:11:41.296 041.0132 036.7188 351.500 057.900
2019-11-05T15:11:43.296 041.1326 036.6895 351.500 057.800
2019-11-05T15:11:45.296 041.2519 036.6602 351.500 057.700
2019-11-05T15:11:47.296 041.3712 036.6307 351.500 057.600
2019-11-05T15:11:49.296 041.4903 036.6012 351.500 057.500
2019-11-05T15:11:51.296 041.6094 036.5715 351.500 057.400
2019-11-05T15:11:53.296 041.7284 036.5418 351.500 057.300
2019-11-05T15:11:55.296 041.8473 036.5119 351.500 057.200
2019-11-05T15:11:57.296 041.9661 036.4820 351.500 057.100
2019-11-05T15:11:59.296 042.0849 036.4520 351.500 057.000
2019-11-05T15:12:01.296 042.2035 036.4218 351.500 056.900
2019-11-05T15:12:03.296 042.1821 036.3749 351.600 056.900
2019-11-05T15:12:05.296 042.0674 036.4136 351.600 057.000
2019-11-05T15:12:07.296 041.9526 036.4522 351.600 057.100
2019-11-05T15:12:09.296 041.8377 036.4907 351.600 057.200
2019-11-05T15:12:11.296 041.7226 036.5291 351.600 057.300
2019-11-05T15:12:13.296 041.6075 036.5673 351.600 057.400
2019-11-05T15:12:15.296 041.4922 036.6054 351.600 057.500
2019-11-05T15:12:17.296 041.3768 036.6433 351.600 057.600
2019-11-05T15:12:19.296 041.2612 036.6811 351.600 057.700
2019-11-05T15:12:21.296 041.1455 036.7188 351.600 057.800
2019-11-05T15:12:23.296 041.0298 036.7564 351.600 057.900
2019-11-05T15:12:25.296 040.9138 036.7938 351.600 058.000
2019-11-05T15:12:27.296 040.7978 036.8310 351.600 058.100
2019-11-05T15:12:29.296 040.6816 036.8682 351.600 058.200
2019-11-05T15:12:31.296 040.5654 036.9052 351.600 058.300
2019-11-05T15:12:33.296 040.4489 036.9420 351.600 058.400
2019-11-05T15:12:34.974 040.3324 036.9788 351.600 058.500
2019-11-05T15:12:36.974 040.2155 037.0147 351.600 058.600
2019-11-05T15:12:38.974 040.0987 037.0511 351.600 058.700
2019-11-05T15:12:40.974 039.9818 037.0875 351.600 058.800
2019-11-05T15:12:42.974 039.8648 037.1236 351.600 058.900
2019-11-05T15:12:44.974 039.7476 037.1597 351.600 059.000
2019-11-05T15:12:46.974 039.6304 037.1956 351.600 059.100
2019-11-05T15:12:48.974 039.5130 037.2313 351.600 059.200
2019-11-05T15:12:50.974 039.3955 037.2670 351.600 059.300
2019-11-05T15:12:52.974 039.2778 037.3024 351.600 059.400
2019-11-05T15:12:54.974 039.1601 037.3378 351.600 059.500
2019-11-05T15:12:56.974 039.0422 037.3730 351.600 059.600
2019-11-05T15:12:58.974 038.9242 037.4080 351.600 059.700
2019-11-05T15:13:00.974 038.8061 037.4430 351.600 059.800
2019-11-05T15:13:02.974 038.6878 037.4777 351.600 059.900
2019-11-05T15:13:04.974 038.5695 037.5124 351.600 060.000
2019-11-05T15:13:06.974 038.4510 037.5469 351.600 060.100
2019-11-05T15:13:08.974 038.3324 037.5812 351.600 060.200
2019-11-05T15:13:10.974 038.2137 037.6154 351.600 060.300
2019-11-05T15:13:12.974 038.0948 037.6495 351.600 060.400
2019-11-05T15:13:14.974 037.9759 037.6834 351.600 060.500
2019-11-05T15:13:16.974 037.8568 037.7172 351.600 060.600
2019-11-05T15:13:18.974 037.7376 037.7508 351.600 060.700
2019-11-05T15:13:20.974 037.7208 037.7080 351.700 060.700
2019-11-05T15:13:22.974 037.8429 037.6820 351.700 060.600
2019-11-05T15:13:24.974 037.9650 037.6560 351.700 060.500
2019-11-05T15:13:26.974 038.0870 037.6298 351.700 060.400
2019-11-05T15:13:28.974 038.2089 037.6036 351.700 060.300
2019-11-05T15:13:30.974 038.3308 037.5772 351.700 060.200
2019-11-05T15:13:32.974 038.4526 037.5508 351.700 060.100
2019-11-05T15:13:34.974 038.5743 037.5242 351.700 060.000
2019-11-05T15:13:36.974 038.6959 037.4976 351.700 059.900
2019-11-05T15:13:38.974 038.8174 037.4708 351.700 059.800
2019-11-05T15:13:40.974 038.9389 037.4440 351.700 059.700
2019-11-05T15:13:42.651 039.0603 037.4170 351.700 059.600
2019-11-05T15:13:44.651 039.1813 037.3893 351.700 059.500
2019-11-05T15:13:46.651 039.3025 037.3622 351.700 059.400
2019-11-05T15:13:48.651 039.4237 037.3349 351.700 059.300
2019-11-05T15:13:50.651 039.5447 037.3076 351.700 059.200
2019-11-05T15:13:52.651 039.6657 037.2801 351.700 059.100
2019-11-05T15:13:54.651 039.7866 037.2526 351.700 059.000
2019-11-05T15:13:56.651 039.9075 037.2249 351.700 058.900
2019-11-05T15:13:58.651 040.0282 037.1972 351.700 058.800
2019-11-05T15:14:00.651 040.1489 037.1693 351.700 058.700
2019-11-05T15:14:02.651 040.2695 037.1414 351.700 058.600
2019-11-05T15:14:04.651 040.3900 037.1133 351.700 058.500
2019-11-05T15:14:06.651 040.5104 037.0852 351.700 058.400
2019-11-05T15:14:08.651 040.6308 037.0569 351.700 058.300
2019-11-05T15:14:10.651 040.7511 037.0286 351.700 058.200
2019-11-05T15:14:12.651 040.8712 037.0002 351.700 058.100
2019-11-05T15:14:14.651 040.9914 036.9716 351.700 058.000
2019-11-05T15:14:16.651 041.1114 036.9430 351.700 057.900
2019-11-05T15:14:18.651 041.2313 036.9143 351.700 057.800
2019-11-05T15:14:20.651 041.3512 036.8854 351.700 057.700
2019-11-05T15:14:22.651 041.4710 036.8565 351.700 057.600
2019-11-05T15:14:24.651 041.5907 036.8275 351.700 057.500
2019-11-05T15:14:26.651 041.7103 036.7984 351.700 057.400
2019-11-05T15:14:28.651 041.8299 036.7692 351.700 057.300
2019-11-05T15:14:30.651 041.9493 036.7399 351.700 057.200
2019-11-05T15:14:32.651 042.0687 036.7105 351.700 057.100
2019-11-05T15:14:34.651 042.1880 036.6810 351.700 057.000
2019-11-05T15:14:36.651 042.3072 036.6514 351.700 056.900
2019-11-05T15:14:38.651 042.2860 036.6043 351.800 056.900
2019-11-05T15:14:40.651 042.1708 036.6425 351.800 057.000
2019-11-05T15:14:42.651 042.0554 036.6806 351.800 057.100
2019-11-05T15:14:44.651 041.9398 036.7186 351.800 057.200
2019-11-05T15:14:46.651 041.8242 036.7564 351.800 057.300
2019-11-05T15:14:48.651 041.7084 036.7941 351.800 057.400
2019-11-05T15:14:50.329 041.5925 036.8317 351.800 057.500
2019-11-05T15:14:52.329 041.4762 036.8685 351.800 057.600
2019-11-05T15:14:54.329 041.3601 036.9058 351.800 057.700
2019-11-05T15:14:56.329 041.2438 036.9429 351.800 057.800
2019-11-05T15:14:58.329 041.1274 036.9799 351.800 057.900
2019-11-05T15:15:00.329 041.0109 037.0168 351.800 058.000
2019-11-05T15:15:02.329 040.8942 037.0536 351.800 058.100
2019-11-05T15:15:04.329 040.7775 037.0902 351.800 058.200
2019-11-05T15:15:06.329 040.6606 037.1267 351.800 058.300
2019-11-05T15:15:08.329 040.5436 037.1630 351.800 058.400
2019-11-05T15:15:10.329 040.4265 037.1992 351.800 058.500
2019-11-05T15:15:12.329 040.3092 037.2353 351.800 058.600
2019-11-05T15:15:14.329 040.1918 037.2712 351.800 058.700
2019-11-05T15:15:16.329 040.0743 037.3070 351.800 058.800
2019-11-05T15:15:18.329 039.9567 037.3426 351.800 058.900
2019-11-05T15:15:20.329 039.8390 037.3781 351.800 059.000
2019-11-05T15:15:22.329 039.7211 037.4135 351.800 059.100
2019-11-05T15:15:24.329 039.6031 037.4487 351.800 059.200
2019-11-05T15:15:26.329 039.4850 037.4838 351.800 059.300
2019-11-05T15:15:28.329 039.3668 037.5187 351.800 059.400
2019-11-05T15:15:30.329 039.2484 037.5535 351.800 059.500
2019-11-05T15:15:32.329 039.1299 037.5881 351.800 059.600
2019-11-05T15:15:34.329 039.0113 037.6227 351.800 059.700
2019-11-05T15:15:36.329 038.8926 037.6570 351.800 059.800
2019-11-05T15:15:38.329 038.7738 037.6913 351.800 059.900
2019-11-05T15:15:40.329 038.6548 037.7253 351.800 060.000
2019-11-05T15:15:42.329 038.5358 037.7593 351.800 060.100
2019-11-05T15:15:44.329 038.4166 037.7931 351.800 060.200
2019-11-05T15:15:46.329 038.2973 037.8267 351.800 060.300
2019-11-05T15:15:48.329 038.1778 037.8602 351.800 060.400
2019-11-05T15:15:50.329 038.0583 037.8936 351.800 060.500
2019-11-05T15:15:52.329 037.9386 037.9268 351.800 060.600
2019-11-05T15:15:54.329 037.8188 037.9599 351.800 060.700
2019-11-05T15:15:56.329 037.8022 037.9170 351.900 060.700
2019-11-05T15:15:58.007 037.9249 037.8916 351.900 060.600
2019-11-05T15:16:00.007 038.0473 037.8655 351.900 060.500
2019-11-05T15:16:02.007 038.1699 037.8399 351.900 060.400
2019-11-05T15:16:04.007 038.2923 037.8142 351.900 060.300
2019-11-05T15:16:06.007 038.4147 037.7885 351.900 060.200
2019-11-05T15:16:08.007 038.5370 037.7626 351.900 060.100
2019-11-05T15:16:10.007 038.6593 037.7366 351.900 060.000
2019-11-05T15:16:12.007 038.7814 037.7105 351.900 059.900
2019-11-05T15:16:14.007 038.9035 037.6843 351.900 059.800
2019-11-05T15:16:16.007 039.0255 037.6580 351.900 059.700
2019-11-05T15:16:18.007 039.1475 037.6316 351.900 059.600
2019-11-05T15:16:20.007 039.2693 037.6051 351.900 059.500
2019-11-05T15:16:22.007 039.3911 037.5785 351.900 059.400
2019-11-05T15:16:24.007 039.5128 037.5519 351.900 059.300
2019-11-05T15:16:26.007 039.6344 037.5251 351.900 059.200
2019-11-05T15:16:28.007 039.7559 037.4982 351.900 059.100
2019-11-05T15:16:30.007 039.8774 037.4712 351.900 059.000
2019-11-05T15:16:32.007 039.9988 037.4441 351.900 058.900
2019-11-05T15:16:34.007 040.1201 037.4169 351.900 058.800
2019-11-05T15:16:36.007 040.2413 037.3896 351.900 058.700
2019-11-05T15:16:38.007 040.3625 037.3622 351.900 058.600
2019-11-05T15:16:40.007 040.4835 037.3347 351.900 058.500
2019-11-05T15:16:42.007 040.6045 037.3071 351.900 058.400
2019-11-05T15:16:44.007 040.7254 037.2794 351.900 058.300
2019-11-05T15:16:46.007 040.8463 037.2516 351.900 058.200
2019-11-05T15:16:48.007 040.9670 037.2237 351.900 058.100
2019-11-05T15:16:50.007 041.0877 037.1957 351.900 058.000
2019-11-05T15:16:52.007 041.2083 037.1676 351.900 057.900
2019-11-05T15:16:54.007 041.3288 037.1394 351.900 057.800
2019-11-05T15:16:56.007 041.4492 037.1112 351.900 057.700
2019-11-05T15:16:58.007 041.5695 037.0828 351.900 057.600
2019-11-05T15:17:00.007 041.6898 037.0543 351.900 057.500
2019-11-05T15:17:02.007 041.8100 037.0257 351.900 057.400
2019-11-05T15:17:04.007 041.9301 036.9970 351.900 057.300
2019-11-05T15:17:05.684 042.0501 036.9682 351.900 057.200
2019-11-05T15:17:07.684 042.1697 036.9387 351.900 057.100
2019-11-05T15:17:09.684 042.2896 036.9097 351.900 057.000
2019-11-05T15:17:11.684 042.4094 036.8806 351.900 056.900
2019-11-05T15:17:13.684 042.3884 036.8335 352.000 056.900
2019-11-05T15:17:15.684 042.2726 036.8712 352.000 057.000
2019-11-05T15:17:17.684 042.1566 036.9088 352.000 057.100
2019-11-05T15:17:19.684 042.0404 036.9463 352.000 057.200
2019-11-05T15:17:21.684 041.9242 036.9836 352.000 057.300
2019-11-05T15:17:23.684 041.8078 037.0208 352.000 057.400
2019-11-05T15:17:25.684 041.6913 037.0578 352.000 057.500
2019-11-05T15:17:27.684 041.5747 037.0947 352.000 057.600
2019-11-05T15:17:29.684 041.4579 037.1315 352.000 057.700
2019-11-05T15:17:31.684 041.3411 037.1681 352.000 057.800
2019-11-05T15:17:33.684 041.2241 037.2046 352.000 057.900
2019-11-05T15:17:35.684 041.1069 037.2410 352.000 058.000
2019-11-05T15:17:37.684 040.9897 037.2772 352.000 058.100
2019-11-05T15:17:39.684 040.8723 037.3133 352.000 058.200
2019-11-05T15:17:41.684 040.7548 037.3493 352.000 058.300
2019-11-05T15:17:43.684 040.6372 037.3851 352.000 058.400
2019-11-05T15:17:45.684 040.5195 037.4207 352.000 058.500
2019-11-05T15:17:47.684 040.4016 037.4563 352.000 058.600
2019-11-05T15:17:49.684 040.2836 037.4916 352.000 058.700
2019-11-05T15:17:51.684 040.1655 037.5269 352.000 058.800
2019-11-05T15:17:53.684 040.0473 037.5620 352.000 058.900
2019-11-05T15:17:55.684 039.9290 037.5969 352.000 059.000
2019-11-05T15:17:57.684 039.8105 037.6318 352.000 059.100
2019-11-05T15:17:59.684 039.6919 037.6664 352.000 059.200
2019-11-05T15:18:01.684 039.5732 037.7010 352.000 059.300
2019-11-05T15:18:03.684 039.4544 037.7354 352.000 059.400
2019-11-05T15:18:05.684 039.3354 037.7696 352.000 059.500
2019-11-05T15:18:07.684 039.2163 037.8037 352.000 059.600
2019-11-05T15:18:09.684 039.0972 037.8377 352.000 059.700
2019-11-05T15:18:11.684 038.9778 037.8715 352.000 059.800
2019-11-05T15:18:13.362 038.8584 037.9052 352.000 059.900
2019-11-05T15:18:15.362 038.7386 037.9380 352.000 060.000
2019-11-05T15:18:17.362 038.6189 037.9714 352.000 060.100
2019-11-05T15:18:19.362 038.4992 038.0047 352.000 060.200
2019-11-05T15:18:21.362 038.3792 038.0378 352.000 060.300
2019-11-05T15:18:23.362 038.2592 038.0707 352.000 060.400
2019-11-05T15:18:25.362 038.1391 038.1035 352.000 060.500
2019-11-05T15:18:27.362 038.0188 038.1362 352.000 060.600
2019-11-05T15:18:29.362 037.8985 038.1687 352.000 060.700
2019-11-05T15:18:31.362 037.8821 038.1257 352.100 060.700
2019-11-05T15:18:33.362 038.0054 038.1009 352.100 060.600
2019-11-05T15:18:35.362 038.1285 038.0760 352.100 060.500
2019-11-05T15:18:37.362 038.2516 038.0510 352.100 060.400
2019-11-05T15:18:39.362 038.3746 038.0259 352.100 060.300
2019-11-05T15:18:41.362 038.4976 038.0007 352.100 060.200
2019-11-05T15:18:43.362 038.6204 037.9754 352.100 060.100
2019-11-05T15:18:45.362 038.7432 037.9500 352.100 060.000
2019-11-05T15:18:47.362 038.8659 037.9244 352.100 059.900
2019-11-05T15:18:49.362 038.9886 037.8988 352.100 059.800
2019-11-05T15:18:51.362 039.1111 037.8731 352.100 059.700
2019-11-05T15:18:53.362 039.2336 037.8473 352.100 059.600
2019-11-05T15:18:55.362 039.3560 037.8214 352.100 059.500
2019-11-05T15:18:57.362 039.4783 037.7953 352.100 059.400
2019-11-05T15:18:59.362 039.6006 037.7692 352.100 059.300
2019-11-05T15:19:01.362 039.7228 037.7430 352.100 059.200
2019-11-05T15:19:03.362 039.8448 037.7166 352.100 059.100
2019-11-05T15:19:05.362 039.9669 037.6902 352.100 059.000
2019-11-05T15:19:07.362 040.0888 037.6636 352.100 058.900
2019-11-05T15:19:09.362 040.2107 037.6370 352.100 058.800
2019-11-05T15:19:11.362 040.3324 037.6103 352.100 058.700
2019-11-05T15:19:13.362 040.4541 037.5834 352.100 058.600
2019-11-05T15:19:15.362 040.5758 037.5565 352.100 058.500
2019-11-05T15:19:17.362 040.6973 037.5294 352.100 058.400
2019-11-05T15:19:19.362 040.8188 037.5023 352.100 058.300
2019-11-05T15:19:21.039 040.9401 037.4750 352.100 058.200
2019-11-05T15:19:23.039 041.0612 037.4470 352.100 058.100
2019-11-05T15:19:25.039 041.1824 037.4196 352.100 058.000
2019-11-05T15:19:27.039 041.3035 037.3920 352.100 057.900
2019-11-05T15:19:29.039 041.4246 037.3644 352.100 057.800
2019-11-05T15:19:31.039 041.5456 037.3366 352.100 057.700
2019-11-05T15:19:33.039 041.6665 037.3088 352.100 057.600
2019-11-05T15:19:35.039 041.7873 037.2808 352.100 057.500
2019-11-05T15:19:37.039 041.9081 037.2528 352.100 057.400
2019-11-05T15:19:39.039 042.0287 037.2246 352.100 057.300
2019-11-05T15:19:41.039 042.1493 037.1964 352.100 057.200
2019-11-05T15:19:43.039 042.2698 037.1680 352.100 057.100
2019-11-05T15:19:45.039 042.3902 037.1396 352.100 057.000
2019-11-05T15:19:47.039 042.5106 037.1111 352.100 056.900
2019-11-05T15:19:49.039 042.4899 037.0638 352.200 056.900
2019-11-05T15:19:51.039 042.3734 037.1010 352.200 057.000
2019-11-05T15:19:53.039 042.2568 037.1381 352.200 057.100
2019-11-05T15:19:55.039 042.1401 037.1750 352.200 057.200
2019-11-05T15:19:57.039 042.0232 037.2118 352.200 057.300
2019-11-05T15:19:59.039 041.9062 037.2485 352.200 057.400
2019-11-05T15:20:01.039 041.7891 037.2850 352.200 057.500
2019-11-05T15:20:03.039 041.6719 037.3214 352.200 057.600
2019-11-05T15:20:05.039 041.5545 037.3577 352.200 057.700
2019-11-05T15:20:07.039 041.4370 037.3938 352.200 057.800
2019-11-05T15:20:09.039 041.3194 037.4298 352.200 057.900
2019-11-05T15:20:11.039 041.2017 037.4656 352.200 058.000
2019-11-05T15:20:13.039 041.0838 037.5013 352.200 058.100
2019-11-05T15:20:15.039 040.9659 037.5369 352.200 058.200
2019-11-05T15:20:17.039 040.8478 037.5723 352.200 058.300
2019-11-05T15:20:19.039 040.7295 037.6075 352.200 058.400
2019-11-05T15:20:21.039 040.6112 037.6427 352.200 058.500
2019-11-05T15:20:23.039 040.4927 037.6777 352.200 058.600
2019-11-05T15:20:25.039 040.3741 037.7125 352.200 058.700
2019-11-05T15:20:27.039 040.2554 037.7472 352.200 058.800
2019-11-05T15:20:28.717 040.1366 037.7818 352.200 058.900
2019-11-05T15:20:30.717 040.0174 037.8155 352.200 059.000
2019-11-05T15:20:32.717 039.8983 037.8498 352.200 059.100
2019-11-05T15:20:34.717 039.7791 037.8839 352.200 059.200
2019-11-05T15:20:36.717 039.6598 037.9179 352.200 059.300
2019-11-05T15:20:38.717 039.5404 037.9518 352.200 059.400
2019-11-05T15:20:40.717 039.4208 037.9855 352.200 059.500
2019-11-05T15:20:42.717 039.3012 038.0190 352.200 059.600
2019-11-05T15:20:44.717 039.1814 038.0524 352.200 059.700
2019-11-05T15:20:46.717 039.0615 038.0857 352.200 059.800
2019-11-05T15:20:48.717 038.9414 038.1188 352.200 059.900
2019-11-05T15:20:50.717 038.8213 038.1518 352.200 060.000
2019-11-05T15:20:52.717 038.7010 038.1846 352.200 060.100
2019-11-05T15:20:54.717 038.5806 038.2173 352.200 060.200
2019-11-05T15:20:56.717 038.4601 038.2498 352.200 060.300
2019-11-05T15:20:58.717 038.3395 038.2822 352.200 060.400
2019-11-05T15:21:00.717 038.2188 038.3144 352.200 060.500
2019-11-05T15:21:02.717 038.0979 038.3465 352.200 060.600
2019-11-05T15:21:04.717 037.9769 038.3785 352.200 060.700
2019-11-05T15:21:06.717 037.9609 038.3354 352.300 060.700
2019-11-05T15:21:08.717 038.0847 038.3112 352.300 060.600
2019-11-05T15:21:10.717 038.2084 038.2869 352.300 060.500
2019-11-05T15:21:12.717 038.3320 038.2625 352.300 060.400
2019-11-05T15:21:14.717 038.4556 038.2379 352.300 060.300
2019-11-05T15:21:16.717 038.5791 038.2133 352.300 060.200
2019-11-05T15:21:18.717 038.7025 038.1886 352.300 060.100
2019-11-05T15:21:20.717 038.8258 038.1637 352.300 060.000
2019-11-05T15:21:22.717 038.9491 038.1388 352.300 059.900
2019-11-05T15:21:24.717 039.0723 038.1137 352.300 059.800
2019-11-05T15:21:26.717 039.1954 038.0886 352.300 059.700
2019-11-05T15:21:28.717 039.3184 038.0633 352.300 059.600
2019-11-05T15:21:30.717 039.4414 038.0380 352.300 059.500
2019-11-05T15:21:32.717 039.5642 038.0125 352.300 059.400
2019-11-05T15:21:34.717 039.6870 037.9869 352.300 059.300
2019-11-05T15:21:36.395 039.8098 037.9613 352.300 059.200
2019-11-05T15:21:38.395 039.9321 037.9348 352.300 059.100
2019-11-05T15:21:40.395 040.0547 037.9089 352.300 059.000
2019-11-05T15:21:42.395 040.1772 037.8830 352.300 058.900
2019-11-05T15:21:44.395 040.2996 037.8569 352.300 058.800
2019-11-05T15:21:46.395 040.4219 037.8307 352.300 058.700
2019-11-05T15:21:48.395 040.5442 037.8044 352.300 058.600
2019-11-05T15:21:50.395 040.6664 037.7780 352.300 058.500
2019-11-05T15:21:52.395 040.7885 037.7515 352.300 058.400
2019-11-05T15:21:54.395 040.9105 037.7249 352.300 058.300
2019-11-05T15:21:56.395 041.0324 037.6982 352.300 058.200
2019-11-05T15:21:58.395 041.1543 037.6714 352.300 058.100
2019-11-05T15:22:00.395 041.2761 037.6445 352.300 058.000
2019-11-05T15:22:02.395 041.3978 037.6175 352.300 057.900
2019-11-05T15:22:04.395 041.5194 037.5904 352.300 057.800
2019-11-05T15:22:06.395 041.6410 037.5632 352.300 057.700
2019-11-05T15:22:08.395 041.7624 037.5359 352.300 057.600
2019-11-05T15:22:10.395 041.8838 037.5085 352.300 057.500
2019-11-05T15:22:12.395 042.0051 037.4810 352.300 057.400
2019-11-05T15:22:14.395 042.1264 037.4534 352.300 057.300
2019-11-05T15:22:16.395 042.2475 037.4256 352.300 057.200
2019-11-05T15:22:18.395 042.3686 037.3978 352.300 057.100
2019-11-05T15:22:20.395 042.4896 037.3699 352.300 057.000
2019-11-05T15:22:22.395 042.6105 037.3419 352.300 056.900
2019-11-05T15:22:24.395 042.5900 037.2946 352.400 056.900
2019-11-05T15:22:26.395 042.4729 037.3313 352.400 057.000
2019-11-05T15:22:28.395 042.3557 037.3678 352.400 057.100
2019-11-05T15:22:30.395 042.2384 037.4043 352.400 057.200
2019-11-05T15:22:32.395 042.1209 037.4405 352.400 057.300
2019-11-05T15:22:34.395 042.0033 037.4767 352.400 057.400
2019-11-05T15:22:36.395 041.8856 037.5127 352.400 057.500
2019-11-05T15:22:38.395 041.7677 037.5486 352.400 057.600
2019-11-05T15:22:40.395 041.6498 037.5843 352.400 057.700
2019-11-05T15:22:42.395 041.5317 037.6199 352.400 057.800
2019-11-05T15:22:44.072 041.4135 037.6553 352.400 057.900
2019-11-05T15:22:46.072 041.2948 037.6900 352.400 058.000
2019-11-05T15:22:48.072 041.1764 037.7251 352.400 058.100
2019-11-05T15:22:50.072 041.0578 037.7602 352.400 058.200
2019-11-05T15:22:52.072 040.9391 037.7950 352.400 058.300
2019-11-05T15:22:54.072 040.8203 037.8298 352.400 058.400
2019-11-05T15:22:56.072 040.7013 037.8644 352.400 058.500
2019-11-05T15:22:58.072 040.5822 037.8988 352.400 058.600
2019-11-05T15:23:00.072 040.4630 037.9331 352.400 058.700
2019-11-05T15:23:02.072 040.3437 037.9673 352.400 058.800
2019-11-05T15:23:04.072 040.2243 038.0013 352.400 058.900
2019-11-05T15:23:06.072 040.1047 038.0352 352.400 059.000
2019-11-05T15:23:08.072 039.9851 038.0689 352.400 059.100
2019-11-05T15:23:10.072 039.8653 038.1025 352.400 059.200
2019-11-05T15:23:12.072 039.7453 038.1359 352.400 059.300
2019-11-05T15:23:14.072 039.6253 038.1692 352.400 059.400
2019-11-05T15:23:16.072 039.5051 038.2024 352.400 059.500
2019-11-05T15:23:18.072 039.3849 038.2354 352.400 059.600
2019-11-05T15:23:20.072 039.2645 038.2682 352.400 059.700
2019-11-05T15:23:22.072 039.1440 038.3009 352.400 059.800
2019-11-05T15:23:24.072 039.0233 038.3335 352.400 059.900
2019-11-05T15:23:26.072 038.9026 038.3659 352.400 060.000
2019-11-05T15:23:28.072 038.7817 038.3982 352.400 060.100
2019-11-05T15:23:30.072 038.6607 038.4303 352.400 060.200
2019-11-05T15:23:32.072 038.5396 038.4623 352.400 060.300
2019-11-05T15:23:34.072 038.4184 038.4941 352.400 060.400
2019-11-05T15:23:36.072 038.2971 038.5257 352.400 060.500
2019-11-05T15:23:38.072 038.1756 038.5573 352.400 060.600
2019-11-05T15:23:40.072 038.0541 038.5886 352.400 060.700
2019-11-05T15:23:42.072 038.0383 038.5455 352.500 060.700
2019-11-05T15:23:44.072 038.1626 038.5219 352.500 060.600
2019-11-05T15:23:46.072 038.2869 038.4981 352.500 060.500
2019-11-05T15:23:48.072 038.4111 038.4743 352.500 060.400
2019-11-05T15:23:50.072 038.5352 038.4503 352.500 060.300
2019-11-05T15:23:51.750 038.6592 038.4263 352.500 060.200
2019-11-05T15:23:53.750 038.7829 038.4015 352.500 060.100
2019-11-05T15:23:55.750 038.9068 038.3772 352.500 060.000
2019-11-05T15:23:57.750 039.0306 038.3528 352.500 059.900
2019-11-05T15:23:59.750 039.1544 038.3284 352.500 059.800
2019-11-05T15:24:01.750 039.2780 038.3038 352.500 059.700
2019-11-05T15:24:03.750 039.4016 038.2791 352.500 059.600
2019-11-05T15:24:05.750 039.5251 038.2543 352.500 059.500
2019-11-05T15:24:07.750 039.6485 038.2294 352.500 059.400
2019-11-05T15:24:09.750 039.7719 038.2044 352.500 059.300
2019-11-05T15:24:11.750 039.8952 038.1793 352.500 059.200
2019-11-05T15:24:13.750 040.0184 038.1541 352.500 059.100
2019-11-05T15:24:15.750 040.1415 038.1288 352.500 059.000
2019-11-05T15:24:17.750 040.2645 038.1033 352.500 058.900
2019-11-05T15:24:19.750 040.3875 038.0778 352.500 058.800
2019-11-05T15:24:21.750 040.5104 038.0522 352.500 058.700
2019-11-05T15:24:23.750 040.6332 038.0264 352.500 058.600
2019-11-05T15:24:25.750 040.7559 038.0006 352.500 058.500
2019-11-05T15:24:27.750 040.8786 037.9747 352.500 058.400
2019-11-05T15:24:29.750 041.0012 037.9486 352.500 058.300
2019-11-05T15:24:31.750 041.1237 037.9225 352.500 058.200
2019-11-05T15:24:33.750 041.2461 037.8962 352.500 058.100
2019-11-05T15:24:35.750 041.3685 037.8699 352.500 058.000
2019-11-05T15:24:37.750 041.4907 037.8434 352.500 057.900
2019-11-05T15:24:39.750 041.6129 037.8168 352.500 057.800
2019-11-05T15:24:41.750 041.7350 037.7902 352.500 057.700
2019-11-05T15:24:43.750 041.8571 037.7634 352.500 057.600
2019-11-05T15:24:45.750 041.9790 037.7365 352.500 057.500
2019-11-05T15:24:47.750 042.1009 037.7096 352.500 057.400
2019-11-05T15:24:49.750 042.2227 037.6825 352.500 057.300
2019-11-05T15:24:51.750 042.3444 037.6553 352.500 057.200
2019-11-05T15:24:53.750 042.4660 037.6281 352.500 057.100
2019-11-05T15:24:55.750 042.5876 037.6007 352.500 057.000
2019-11-05T15:24:57.750 042.7091 037.5732 352.500 056.900
