 BIGBANK   2230   14   40   22  466  819  537   5637   8871   8167     483     277     0    8.3268899e-07   -4.2056933e+06    2.572246
 DALLASM    196    2    5    2   14   16   14    551    960    786      18       2     0    9.5226680e-07   -4.8198188e+04    0.092476
 DALLASS     46    4    9    4   15   15   15    244    450    366      21       3     0    7.8045234e-07   -3.2393224e+04    0.010626
  DTOC1L   5998    0    0    0    1    1    1     12     24     12       3       1     0    2.7635176e-07    3.9430435e+00    0.032230
   DUAL1     85    3    0    3   42    0   42    182      0    182      47       0     0    9.0322849e-07    3.5012968e-02    0.002403
   DUAL2     96    0    0    0    5    0    5     59      0     59       7       0     0    6.6407844e-07    3.3733671e-02    0.001164
   DUAL3    111    2    0    2   18    0   18     65      0     65      22       0     0    5.6487261e-07    1.3575583e-01    0.001588
   DUAL4     75    1    0    1   10    0   10     30      0     30      13       0     0    7.0539955e-07    7.4609065e-01    0.000548
  DUALC1      9    1    0    1    6    0    6      6      0      6       9      12     0    2.1912285e-09    6.1552517e+03    0.001032
  DUALC2      7    1    0    1    6    0    6      6      0      6       9      12     0    1.3068693e-09    3.5513064e+03    0.001004
  DUALC5      8    1    0    1    3    0    3      5      0      5       6       3     0    2.9675817e-10    4.2723257e+02    0.000729
  DUALC8      8    2    0    2    5    0    5      7      0      7      10       8     0    4.6931281e-07    1.8309361e+04    0.001596
     EQC      9    1    1    1    0    0    0      0      0      0       4       0     0    0.0000000e+00   -8.2954771e+02    0.000209
 EXPFITA      5    2    2    2    9    9    9      8     12      8      14       5     0    7.6834221e-07    1.1366119e-03    0.000707
 EXPFITB      5    7    7    7   11   11   11      5      7      5      23      13     0    2.1134983e-07    5.0193655e-03    0.003535
 EXPFITC      5    8    9    8   14   14   14      4      7      4      27      27     0    1.5602300e-10    2.3302573e-02    0.027156
GMNCASE2    175    0    0    0    7    0    7     34      0     34       9       2     0    6.7667153e-07   -9.9444495e-01    0.027966
GMNCASE3    175    0    0    0    7    0    7     32      0     32       9       2     0    5.1111309e-07    1.5251467e+00    0.027940
GMNCASE4    175    0    0    0    0    0    0      0      0      0       2       2     0    1.3207213e-12    5.9468849e+03    0.034885
GRIDNETD   7564    1    2    1   11   11   11     46     83     52      14       2     0    8.6142887e-07    5.7071190e+02    0.079331
GRIDNETE   7564    0    0    0    1    1    1     48     96     48       3       2     0    8.7847293e-07    2.0648051e+02    0.093692
GRIDNETF   7564    3    4    3   23   26   23     40     76     43      29       6     0    9.5972619e-07    2.4354233e+02    0.207712
GRIDNETG   7564    1    2    1   11   13   11     56    100     64      14       2     0    4.7903632e-07    6.1578420e+02    0.093172
GRIDNETH   7564    0    0    0    1    1    1     48     96     48       3       2     0    8.5932021e-07    2.0648051e+02    0.093503
GRIDNETI   7564    3    4    3   23   26   23     40     76     43      29       6     0    9.9923711e-07    2.4354233e+02    0.209093
  HAGER1   5001    0    0    0    1    1    1      3      6      3       3       2     0    2.3699463e-08    8.8079708e-01    0.016976
  HAGER2   5001    0    0    0    1    1    1      2      4      2       3       2     0    5.7262050e-08    4.3208226e-01    0.017886
  HAGER3   5001    0    0    0    1    1    1      2      4      2       3       2     0    5.9164663e-08    1.4096126e-01    0.018314
  HAGER4   5001    1    1    1    3    3    3      1      2      1       6       9     0    9.8458606e-07    2.7940841e+00    0.019796
HIMMELBI    100    2    3    2   32   39   34     54     95     55      36       5     0    8.5711151e-07   -1.7355696e+03    0.003793
    HONG      4    0    0    0    1    1    1      8     16      8       3       0     0    1.3551436e-09    2.2571087e+01    0.000144
   HS105      8    1    4    1    6    6    6     60    125     66       9       0     0    1.0018255e-09    1.0447251e+03    0.011049
   HS112     10    1    6    1    4    5    4     20     39     21       8      11     0    6.1741242e-08   -4.7761091e+01    0.000647
   HS119     16    0    0    0    4    4    4      4      8      4       6       2     0    1.1154906e-08    2.4489970e+02    0.000566
    HS24      2    0    0    0    2    2    2      0      0      0       4       2     0    5.6621374e-14   -1.0000001e+00    0.000277
    HS36      3    0    0    0    2    2    2      0      0      0       4       0     0    0.0000000e+00   -3.3000000e+03    0.000083
    HS37      3    1    1    1    1    1    1      3      6      3       4       2     0    3.3780033e-08   -3.4560000e+03    0.000321
    HS41      4    1    1    1    1    1    1      3      6      3       4       0     0    2.5187103e-07    1.9259259e+00    0.000142
    HS49      5    0    0    0    1    1    1     14     28     14       3       1     0    3.1137308e-07    2.3082780e-11    0.000404
    HS50      5    0    0    0    1    2    1     10     20     10       3       1     0    1.7550406e-12    4.6560802e-26    0.000303
    HS54      6    0    0    0    1    5    1     12     30     18       3       0     0    1.3318923e-07   -8.6740883e-01    0.000164
    HS55      6    0    0    0    0    0    0      0      0      0       2       2     0    3.4319769e-14    6.6666667e+00    0.000238
    HS62      3    0    0    0    1    2    1     11     25     14       3       0     0    3.6084202e-10   -2.6272515e+04    0.000174
    HS86      5    2    2    2    3    4    3      5      9      6       7       4     0    1.4414870e-09   -3.2348679e+01    0.000441
     HS9      2    0    0    0    1    1    1      4      9      5       3       0     0    1.6599430e-12   -5.0000000e-01    0.000148
  HUBFIT      2    1    0    0    2    2    2      1      2      1       5       0     0    0.0000000e+00    6.8062485e-02    0.000124
HYDROELL   1009    1    1    1    2    2    2      0      0      0       6       5     0    1.3183692e-09   -3.5855468e+06    0.017333
HYDROELM    505    1    1    1    2    2    2      0      0      0       6       5     0    5.9098172e-10   -3.5820155e+06    0.005585
HYDROELS    169    1    1    1    2    2    2      0      0      0       6       3     0    4.7559150e-10   -3.5822683e+06    0.001499
     LIN      4    1    1    1    1    2    1      1      2      1       5       2     0    3.7836664e-10   -1.7577543e-02    0.000376
 LOADBAL     31    1    2    1    8   11    8     10     18     10      12       6     0    4.5614740e-07    4.5285104e-01    0.000934
LSNNODOC      5    1    1    1    2    2    2      1      1      1       5       4     0    1.1191048e-12    1.2311245e+02    0.000388
  ODFITS     10    0    0    0    1    1    1      8     16      8       3       2     0    2.8719867e-08   -2.3800268e+03    0.000357
PENTAGON      6    0    0    0    3    3    3      7     15      9       5       2     0    4.6370551e-07    1.3652178e-04    0.000419
      QC      9    1    1    1    5    5    5      5      8      8       8       0     0    0.0000000e+00   -9.5653773e+02    0.000341
   QCNEW      9    1    1    1    0    0    0      0      0      0       4       0     0    0.0000000e+00   -8.0652185e+02    0.000235
  SMBANK    117    8   41   15   34   69   42    979   1867   1399      52      29     0    9.3911971e-07   -7.1292920e+06    0.045830
 SPANHYD     97    5    6    4   15   20   20     14     26     17      22      20     0    4.1135071e-07    2.3973800e+02    0.002128
STANCMIN      3    0    0    0    0    0    0      0      0      0       2       4     0    2.5331126e-12    4.2500000e+00    0.000239
STEENBRB    468    4    5    5   43   58   48     68    158     91      52       9     0    9.6776023e-07    9.0758554e+03    0.008336
STEENBRC    540    6    7    6  109  173  116    246    712    494     120      10     0    6.6035676e-07    2.7504937e+04    0.023396
STEENBRD    468    6    7    7   94  136  110    143    289    170     107       8     0    7.3294969e-07    9.1447249e+03    0.015768
STEENBRE    540    6   14    7   91  131   97    265    681    433     104       9     0    6.6623097e-07    2.7459163e+04    0.024143
STEENBRF    468    6    8    8   74  104   85     83    225    148      86       8     0    7.4616660e-07    8.9918482e+03    0.013718
STEENBRG    540    5    6    5   65  100   65    283    784    520      74       9     0    6.4467894e-07    2.7420930e+04    0.019225
    TFI3      3    2    2    2    2    2    2      0      0      0       6       5     0    6.8872685e-12    4.3011579e+00    0.002047
   WATER     31    1    2    1    7    8    7     11     21     11      10       3     0    7.2379383e-07    1.0549379e+04    0.000643
 ALLINIT      4    2    2    1    2    2    2     11     23     12       1       0     0    3.7453448e-08    1.6705968e+01    0.000137
   BDEXP   5000    0    0    0    1    1    1      4      8      4       1       0     0    4.7256007e-07    2.8593467e-05    0.006150
 BRATU1D   1003    0    0    0    0    0    0   7003   7205  14196       1       0     0    8.9076343e-07   -8.5189273e+00    4.875525
  CAMEL6      2    0    0    0    1    1    1      8     16      8       1       0     0    1.5936399e-09   -1.0316285e+00    0.000107
CLPLATEA   5041    0    0    0    0    0    0    853   1708    855       1       0     0    9.2109312e-07   -1.2592095e-02    0.797975
CLPLATEB   5041    0    0    0    0    0    0    307    616    309       1       0     0    9.7693602e-07   -5.0947862e-03    0.287155
CLPLATEC   5041    0    0    0    0    0    0  36547  36553  73088       1       0     0    9.3287275e-07   -5.0207242e-03   43.182929
     EG1      3    0    0    0    1    1    1      6     12      6       1       0     0    2.1380198e-09   -1.1328008e+00    0.000093
  EXPLIN   1200    5    3    3   53  101   74    220    394    260       1       0     0    6.1535764e-07   -7.1925484e+07    0.007905
 EXPLIN2   1200   16    9    8   32   38   36     73    129     80       1       0     0    5.3151211e-07   -7.1998834e+07    0.003002
 EXPQUAD   1200   13    3    3   99  153  118    305    623    402       1       0     0    9.6150757e-07   -3.6849396e+09    0.033904
HADAMALS    400    0    0    0    4    5    4      7     23     17       1       0     0    1.0332701e-08    7.3118431e+03    0.004050
   HART6      6    0    0    0    1    1    1     11     22     11       1       0     0    1.1545924e-07   -3.3228869e+00    0.000107
HIMMELP1      2    0    0    0    2    3    2      3      6      3       1       0     0    1.0027581e-07   -2.3897419e+01    0.000081
  HOLMES    180    2    3    1   22   27   22     21     32     23       1       0     0    4.1241194e-07    1.2481503e+03    0.089642
    HS38      4    0    0    0    1    1    1     25     55     31       1       0     0    1.3889228e-07    3.7015121e-15    0.000123
     HS4      2    0    0    0    1    1    1      0      0      0       1       0     0    0.0000000e+00    2.6666667e+00    0.000051
    HS45      5    1    0    0    2    2    2      0      0      0       1       0     0    0.0000000e+00    1.0000000e+00    0.000059
     HS5      2    0    0    0    1    1    1      5     10      5       1       0     0    2.2297106e-07   -1.9132230e+00    0.000100
LMINSURF   5625    0    0    0    0    0    0    511   1025    514       1       0     0    9.4507691e-07    9.0000000e+00    0.543930
  LOGROS      2    0    0    0    1    1    1     73    191    118       1       0     0    2.8874680e-08    1.3322676e-15    0.000207
 MAXLIKA      8    5    3    2    7    9    8     94    188    101       1       0     0    7.9475534e-07    1.1363073e+03    0.015910
MCCORMCK   5000    0    0    0    2    2    2     11     19     14       1       0     0    9.7026054e-07   -4.5665806e+03    0.020193
  MDHOLE      2    0    0    0    2    3    2     55    130     78       1       0     0    0.0000000e+00    0.0000000e+00    0.000183
 MINSURF     64    0    0    0    0    0    0     12     24     12       1       0     0    2.4533729e-07    1.0000000e+00    0.000263
MINSURFO   5306    4    0    0    4    9    6    420    841    421       1       0     0    8.7275737e-07    2.5069493e+00    0.711216
 NLMSURF   5625    0    0    0    0    0    0   3604   7144   3674       1       0     0    9.2222081e-07    3.8948985e+01    3.856263
     ODC   5184    0    0    0    0    0    0    263    526    263       1       0     0    9.7199326e-07   -1.1371796e-02    0.584588
POWELLBC   1000    0    0    0  123  154  123   2213   3624   3457       1       0     0    9.8990690e-07    3.1036403e+05   21.520877
PROBPENL    500    0    0    0    1    1    1      1      2      1       1       0     0    1.9920043e-07    3.9919839e-07    0.000360
 QRTQUAD   5000   11    9    9  328  567  489   2943   5054   6291       1       0     0    9.5333417e-07   -2.6485618e+11    1.243050
RAYBENDL   2050    0    0    0    0    0    0  13044  22434  16706       1       0     0    9.4900211e-07    9.6242378e+01    2.851041
RAYBENDS   2050    0    0    0    0    0    0   1765   3349   1954       1       0     0    9.5120895e-07    9.6241711e+01   13.389176
    S368      8    0    0    0    2    2    2      6     12      6       1       0     0    6.3320599e-07   -7.5000000e-01    0.000212
 SINEALI   1000    0    0    0    1    1    1     43     75     62       1       0     0    6.2703730e-07   -9.9900962e+04    0.014978
     SSC   5184    0    0    0    0    0    0    132    186    210       1       0     0    7.8781135e-07   -2.0781733e+00    0.406966
   AKIVA      2      10      21      11     0    6.6670154e-09    6.1660422e+00    0.000178
ALLINITU      4      12      30      18     0    1.5419435e-09    5.7443849e+00    0.000063
 ARGLINA    200       1       0       2     0    4.2188475e-14    2.0000000e+02    0.000134
 ARGLINB    200       5      15      13     0    8.3382474e-09    9.9625468e+01    0.004498
 ARWHEAD   5000       7      15       8     0    9.9119508e-07    0.0000000e+00    0.006737
    BARD      3      16      33      17     0    3.4949567e-09    8.2148773e-03    0.000078
 BDQRTIC   5000     124     260     214     0    9.9811741e-07    2.0006257e+04    0.173268
   BEALE      2      15      31      16     0    4.4989214e-08    2.7264213e-15    0.000066
  BIGGS6      6      26      55      29     0    1.2469933e-07    5.6556498e-03    0.000205
     BOX  10000       8      25      18     0    9.7876273e-09   -1.8645379e+03    0.025479
    BOX3      3      11      24      13     0    7.5844458e-07    3.8194901e-13    0.000080
BOXPOWER  20000      22      55      33     0    3.1536154e-07    1.6182394e-10    0.034394
  BRKMCC      2       5      11       6     0    6.2205812e-08    1.6904268e-01    0.000028
 BROWNAL    200       9      27      18     0    9.5220187e-10    9.0719515e-19    0.003501
 BROWNBS      2      13      27      15     0    0.0000000e+00    0.0000000e+00    0.000041
BROWNDEN      4      16      31      19     0    6.2987965e-08    8.5822201e+04    0.000107
BROYDN7D   5000    1371    2730    1389     0    8.4634809e-07    1.9691757e+03    3.671546
  BRYBND   5000      34      73      39     0    3.1155129e-07    8.8450790e-14    0.041382
CHAINWOO   4000     250     474     312     0    8.6481796e-07    4.5727672e+00    0.204032
CHNROSNB     50     287     566     297     0    7.4547674e-07    9.0756918e-14    0.003471
CHNRSNBM     50     263     527     264     0    7.0616784e-07    6.8357034e-14    0.003261
   CLIFF      2      13      46      33     0    2.3391621e-07    1.9978661e-01    0.000067
  COSINE  10000      11      37      31     0    1.5872900e-07   -9.9990000e+03    0.057088
CRAGGLVY   5000     107     203     146     0    9.8082985e-07    1.6882153e+03    0.174557
    CUBE      2      35      85      50     0    3.2723735e-10    3.2828157e-23    0.000091
 CURLY10  10000   47942   67417   76428     0    9.8549240e-07   -1.0031629e+06   50.727819
 CURLY20  10000   68080   90992  113275     0    9.9759414e-07   -1.0031629e+06  117.225567
 CURLY30  10000   74098   97528  124891     0    9.9437615e-07   -1.0031629e+06  191.103138
 DECONVU     63     400     801     401     0    8.5007783e-07    4.4591100e-08    0.009340
DENSCHNA      2       9      19      10     0    3.5273288e-08    3.1668570e-16    0.000042
DENSCHNB      2       7      15       8     0    1.0342574e-08    3.6407413e-17    0.000037
DENSCHNC      2      12      26      14     0    3.2760930e-09    3.2531884e-19    0.000055
DENSCHND      3      43      89      46     0    1.9002489e-07    6.1976908e-10    0.000094
DENSCHNE      3      17      47      30     0    5.6950746e-08    1.0066394e-15    0.000073
DENSCHNF      2       8      17       9     0    6.4551431e-07    2.1261987e-15    0.000037
DIXMAANA   3000       7      15       8     0    4.8306833e-12    1.0000000e+00    0.002149
DIXMAANB   3000       6      13       7     0    8.9774746e-08    1.0000000e+00    0.001882
DIXMAANC   3000       6      13       7     0    7.0332716e-07    1.0000000e+00    0.001875
DIXMAAND   3000       7      15       8     0    7.3560463e-07    1.0000000e+00    0.002203
DIXMAANE   3000     222     239     429     0    9.8403702e-07    1.0000000e+00    0.090784
DIXMAANF   3000     161     323     162     0    8.8563506e-07    1.0000000e+00    0.042348
DIXMAANG   3000     157     315     158     0    9.4422251e-07    1.0000000e+00    0.041408
DIXMAANH   3000     173     347     174     0    9.9204488e-07    1.0000000e+00    0.045826
DIXMAANI   3000    3754    3824    7440     0    9.7067715e-07    1.0000001e+00    1.509029
DIXMAANJ   3000     327     655     328     0    9.8677323e-07    1.0000002e+00    0.085207
DIXMAANK   3000     283     567     284     0    9.4621288e-07    1.0000002e+00    0.074340
DIXMAANL   3000     237     475     238     0    9.6696144e-07    1.0000002e+00    0.062661
DIXMAANM   3000    4478    4533    8903     0    9.9536141e-07    1.0000001e+00    1.807948
DIXMAANN   3000     698    1397     699     0    9.9855824e-07    1.0000003e+00    0.180057
DIXMAANO   3000     623    1250     627     0    9.9991018e-07    1.0000003e+00    0.161362
DIXMAANP   3000     686    1373     687     0    9.9695480e-07    1.0000003e+00    0.177955
DIXON3DQ  10000   10000       0   10001     0    4.4365070e-11    7.4953607e-16    0.939441
    DJTL      2      76     882     809     0    3.8264909e-07   -8.9515447e+03    0.001636
 DQDRTIC   5000       5       0       6     0    2.2053470e-11   -5.0515592e-10    0.000492
  DQRTIC   5000      21      51      30     0    4.9243335e-07    7.3281603e-08    0.006760
 EDENSCH   2000      28      56      40     0    9.5154869e-07    1.2003285e+04    0.013051
     EG2   1000       5      11       6     0    1.2434529e-08   -9.9894739e+02    0.001482
EIGENALS   2550   10772   19531   12798     0    9.7568473e-07    2.9513288e-11   64.087589
EIGENBLS   2550   26938   53877   26939     0    9.0552654e-07    6.3927358e-09  138.666312
EIGENCLS   2652   10377   19792   11341     0    7.0462417e-07    1.3820286e-11   68.293595
 ENGVAL1   5000      23      43      32     0    7.4150428e-07    5.5486684e+03    0.020853
 ENGVAL2      3      29      62      34     0    6.7090689e-09    8.8025619e-21    0.000078
ERRINROS     50    1338    2606    1598     0    8.1234305e-07    3.9904154e+01    0.017033
ERRINRSM     50   11807   23711   11960     0    8.9906864e-07    3.7729903e+01    0.136067
  EXPFIT      2      13      29      16     0    4.2083119e-07    2.4051059e-01    0.000069
EXTROSNB   1000    5076   10322    5246     0    7.2031115e-07    2.8074129e-07    0.572284
FLETBV3M   5000      29      63      37     0    6.7729467e-07   -2.4858979e+05    0.061568
FLETCBV2   5000       0       1       1     0    7.9960014e-08   -5.0026817e-01    0.000948
FLETCHCR   1000     284     558     308     0    8.3257971e-07    1.1414150e-14    0.042225
FMINSRF2   5625     346     693     347     0    9.4411255e-07    1.0000241e+00    0.386708
FMINSURF   5625     473     947     474     0    9.7701254e-07    1.0000000e+00    0.546814
FREUROTH   5000      23      53      39     0    8.8181917e-07    6.0815919e+05    0.037469
GENHUMPS   5000   16870   33799   16930     0    1.5424709e-09    1.0339232e-17   25.697967
 GENROSE    500    1073    2161    1096     0    5.5912374e-07    1.0000000e+00    0.077659
GROWTHLS      3     133     430     289     0    2.8618672e-09    1.0040406e+00    0.001504
    GULF      3      37      92      55     0    3.8480274e-08    7.6878307e-15    0.004240
   HAIRY      2      24      74      52     0    4.5217323e-10    2.0000000e+01    0.000118
 HATFLDD      3      19      42      23     0    3.1155866e-07    2.5469009e-07    0.000114
 HATFLDE      3      29      79      50     0    1.6745412e-07    5.1203769e-07    0.000328
HATFLDFL      3      39      93      54     0    7.1641030e-07    6.3266268e-05    0.000110
HEART6LS      6     661    1603     942     0    8.2442952e-08    2.0434367e-16    0.002422
HEART8LS      8     279     581     302     0    8.2390325e-08    1.2350888e-17    0.000941
   HELIX      3      23      50      27     0    5.6033548e-07    1.0462137e-15    0.000072
  HIELOW      3      14      30      16     0    4.4008730e-07    8.7416543e+02    0.021686
HILBERTA      2       2       0       3     0    2.2065683e-14    1.3183898e-16    0.000020
HILBERTB     10       4       0       5     0    2.2720367e-09    1.9755976e-14    0.000017
HIMMELBB      2       8      28      20     0    6.2805676e-08    6.4619801e-14    0.000045
HIMMELBF      4      26      60      36     0    3.7446603e-07    3.1857175e+02    0.000104
HIMMELBG      2       9      24      16     0    6.6437473e-09    4.8623496e-18    0.000050
HIMMELBH      2       7      16       9     0    2.9620306e-11   -1.0000000e+00    0.000046
   HUMPS      2      37     119      82     0    4.3590465e-08    1.1395503e-14    0.000108
  INDEFM 100000     246     625     430     0    8.9934578e-07   -1.0044328e+07   10.296000
  JENSMP      2      15      33      22     0    5.3069016e-10    1.2436218e+02    0.000118
  JIMACK   3549    8317   16635    8318     0    9.3995640e-07    8.6679330e-01  415.376306
  KOWOSB      4      17      42      25     0    9.6133707e-07    3.0780095e-04    0.000081
 LIARWHD   5000      17      38      21     0    3.0028894e-07    2.5312134e-18    0.013638
LOGHAIRY      2      22      67      46     0    4.1593002e-07    1.8232156e-01    0.000124
 MANCINO    100      11      23      12     0    7.2392005e-08    9.2313203e-21    0.047215
MARATOSB      2    1067    3774    2711     0    9.3418273e-11   -1.0000001e+00    0.002485
  MEXHAT      2      15      50      39     0    5.3989702e-11   -4.0010000e-02    0.000063
  MOREBV   5000     161     168     317     0    9.9408232e-07    1.0864330e-10    0.150835
MSQRTALS   1024    2927    5857    2931     0    9.8080911e-07    6.6252836e-10    3.266621
MSQRTBLS   1024    2281    4565    2285     0    9.9919027e-07    9.5261987e-11    2.549392
   NCB20   5010    2596    4223    4733     0    6.2318023e-07   -1.1174683e+03   14.234792
  NCB20B   5000    3192    5010    6669     0    9.4876644e-07    7.3513006e+03   19.476838
NONCVXU2   5000    6740   12777    7445     0    9.6555603e-07    1.1584984e+04    7.370775
  NONDIA   5000       6      25      19     0    1.0101924e-07    1.1011133e-20    0.011088
NONDQUAR   5000    2066    4139    2073     0    8.5389045e-07    3.0061041e-06    0.623549
OSBORNEA      5      67     157      90     0    4.0533134e-07    5.4652996e-05    0.000897
OSBORNEB     11      62     127      65     0    4.3772597e-07    4.0137736e-02    0.002420
OSCIGRAD 100000      87     144     121     0    6.6369132e-07    3.6368841e-20    1.646712
OSCIPATH     10  307869  667457  360238     0    9.9275643e-07    2.3127114e-05    0.829026
PALMER1C      8      16       0      19     0    2.4244819e-09    9.7604956e-02    0.000024
PALMER1D      7       8       0      10     0    1.9908839e-09    6.5267393e-01    0.000018
PALMER2C      8      16       0      19     0    3.4370657e-09    1.4368901e-02    0.000028
PALMER3C      8       9       0      11     0    2.6737155e-09    1.9537629e-02    0.000019
PALMER4C      8      10       0      13     0    1.0183288e-14    5.0310635e-02    0.000024
PALMER5C      6       6      13       7     0    3.7526926e-12    2.1280866e+00    0.000042
PALMER6C      8      11      25      24     0    3.4076378e-07    1.6387438e-02    0.000068
PALMER7C      8      11      22      21     0    2.9296047e-08    6.0198720e-01    0.000146
PALMER8C      8      11      18      17     0    8.7351837e-10    1.5976783e-01    0.000063
PENALTY1   1000      23      61      38     0    6.5035329e-07    9.6861805e-03    0.002376
PENALTY2    200     191     221     354     0    9.3555135e-07    4.7116277e+13    0.026438
PENALTY3    200     111     433     318     0    1.9022518e-07    9.9976158e-04    0.932699
POWELLSG   5000      26      53      27     0    1.2018814e-07    8.6653896e-12    0.007095
   POWER  10000     373     758     385     0    9.4109606e-07    1.7673028e-09    0.123191
  QUARTC   5000      21      51      30     0    4.9243335e-07    7.3281603e-08    0.006748
 ROSENBR      2      33      77      44     0    7.6359613e-07    1.1840457e-13    0.000073
    S308      2       8      20      12     0    9.0151496e-07    7.7319906e-01    0.000040
SCHMVETT   5000      43      73      60     0    6.4347041e-07   -1.4994000e+04    0.106563
 SENSORS    100      23      52      32     0    7.3606626e-07   -2.0958750e+03    0.141772
 SINEVAL      2      72     174     102     0    1.1805903e-12    9.2038786e-27    0.000167
 SINQUAD   5000      15      42      29     0    3.3231800e-08   -6.7570138e+06    0.034035
  SISSER      2       6      20      14     0    1.3844742e-08    3.6654462e-12    0.000043
   SNAIL      2      99     225     127     0    1.2111224e-07    4.4763864e-15    0.000201
SPARSINE   5000   27272   27561   54259     0    9.9891100e-07    1.3590556e-10   63.489686
SPARSQUR  10000      28      64      36     0    7.0213734e-08    4.5105214e-10    0.089935
SPMSRTLS   4999     210     418     219     0    9.7769785e-07    3.2900794e-11    0.217017
SROSENBR   5000      11      23      12     0    4.8292836e-10    4.2359717e-19    0.004433
SSBRYBND   5000    9295   15400   12531     0    9.2025706e-07    4.8862201e-15   12.216613
 STRATEC     10     248     615     373     0    3.2321960e-07    2.2122623e+03    4.504558
TESTQUAD   5000    1490       0    1491     0    8.4102097e-07   -1.8608709e-06    0.077737
TOINTGOR     50     135     234     175     0    9.9819687e-07    1.3739055e+03    0.002525
TOINTGSS   5000       4       9       5     0    2.2872519e-07    1.0002001e+01    0.004044
TOINTPSP     50     148     288     200     0    9.8830470e-07    2.2556041e+02    0.001615
TOINTQOR     50      29       0      30     0    4.4231462e-07    1.1754722e+03    0.000162
TQUARTIC   5000      13      36      23     0    7.0877017e-07    6.9008037e-18    0.012270
  TRIDIA   5000     780       0     781     0    9.7406364e-07    9.9879629e-10    0.058068
  VARDIM    200      10      21      11     0    2.5959262e-07    4.2117690e-19    0.000167
VAREIGVL     50      23      47      24     0    8.4765966e-07    3.7975332e-13    0.000402
VIBRBEAM      8     182     429     281     0    1.0721851e-07    1.7488668e+00    0.006772
  WATSON     12      53     111      58     0    7.6060190e-07    1.5918570e-07    0.000556
   WOODS   4000      24      54      30     0    5.3658147e-07    3.3449015e-13    0.011153
   YFITU      3      74     177     103     0    4.6280343e-10    6.6810304e-13    0.000579
ZANGWIL2      2       1       0       2     0    2.2204460e-16   -1.8200000e+01    0.000013
